probeid	metarow	metacol	row	column
1	1	1	1	1
2	1	1	1	2
3	1	1	1	3
4	1	1	1	4
5	1	1	1	5
6	1	1	1	6
7	1	1	1	7
8	1	1	1	8
9	1	1	1	9
10	1	1	1	10
11	1	1	1	11
12	1	1	1	12
13	1	1	1	13
14	1	1	1	14
15	1	1	2	1
16	1	1	2	2
17	1	1	2	3
18	1	1	2	4
19	1	1	2	5
20	1	1	2	6
21	1	1	2	7
22	1	1	2	8
23	1	1	2	9
24	1	1	2	10
25	1	1	2	11
26	1	1	2	12
27	1	1	2	13
28	1	1	2	14
29	1	1	3	1
30	1	1	3	2
31	1	1	3	3
32	1	1	3	4
33	1	1	3	5
34	1	1	3	6
35	1	1	3	7
36	1	1	3	8
37	1	1	3	9
38	1	1	3	10
39	1	1	3	11
40	1	1	3	12
41	1	1	3	13
42	1	1	3	14
43	1	1	4	1
44	1	1	4	2
45	1	1	4	3
46	1	1	4	4
47	1	1	4	5
48	1	1	4	6
49	1	1	4	7
50	1	1	4	8
51	1	1	4	9
52	1	1	4	10
53	1	1	4	11
54	1	1	4	12
55	1	1	4	13
56	1	1	4	14
57	1	1	5	1
58	1	1	5	2
59	1	1	5	3
60	1	1	5	4
61	1	1	5	5
62	1	1	5	6
63	1	1	5	7
64	1	1	5	8
65	1	1	5	9
66	1	1	5	10
67	1	1	5	11
68	1	1	5	12
69	1	1	5	13
70	1	1	5	14
71	1	1	6	1
72	1	1	6	2
73	1	1	6	3
74	1	1	6	4
75	1	1	6	5
76	1	1	6	6
77	1	1	6	7
78	1	1	6	8
79	1	1	6	9
80	1	1	6	10
81	1	1	6	11
82	1	1	6	12
83	1	1	6	13
84	1	1	6	14
85	1	1	7	1
86	1	1	7	2
87	1	1	7	3
88	1	1	7	4
89	1	1	7	5
90	1	1	7	6
91	1	1	7	7
92	1	1	7	8
93	1	1	7	9
94	1	1	7	10
95	1	1	7	11
96	1	1	7	12
97	1	1	7	13
98	1	1	7	14
99	1	1	8	1
100	1	1	8	2
101	1	1	8	3
102	1	1	8	4
103	1	1	8	5
104	1	1	8	6
105	1	1	8	7
106	1	1	8	8
107	1	1	8	9
108	1	1	8	10
109	1	1	8	11
110	1	1	8	12
111	1	1	8	13
112	1	1	8	14
113	1	1	9	1
114	1	1	9	2
115	1	1	9	3
116	1	1	9	4
117	1	1	9	5
118	1	1	9	6
119	1	1	9	7
120	1	1	9	8
121	1	1	9	9
122	1	1	9	10
123	1	1	9	11
124	1	1	9	12
125	1	1	9	13
126	1	1	9	14
127	1	2	1	1
128	1	2	1	2
129	1	2	1	3
130	1	2	1	4
131	1	2	1	5
132	1	2	1	6
133	1	2	1	7
134	1	2	1	8
135	1	2	1	9
136	1	2	1	10
137	1	2	1	11
138	1	2	1	12
139	1	2	1	13
140	1	2	1	14
141	1	2	2	1
142	1	2	2	2
143	1	2	2	3
144	1	2	2	4
145	1	2	2	5
146	1	2	2	6
147	1	2	2	7
148	1	2	2	8
149	1	2	2	9
150	1	2	2	10
151	1	2	2	11
152	1	2	2	12
153	1	2	2	13
154	1	2	2	14
155	1	2	3	1
156	1	2	3	2
157	1	2	3	3
158	1	2	3	4
159	1	2	3	5
160	1	2	3	6
161	1	2	3	7
162	1	2	3	8
163	1	2	3	9
164	1	2	3	10
165	1	2	3	11
166	1	2	3	12
167	1	2	3	13
168	1	2	3	14
169	1	2	4	1
170	1	2	4	2
171	1	2	4	3
172	1	2	4	4
173	1	2	4	5
174	1	2	4	6
175	1	2	4	7
176	1	2	4	8
177	1	2	4	9
178	1	2	4	10
179	1	2	4	11
180	1	2	4	12
181	1	2	4	13
182	1	2	4	14
183	1	2	5	1
184	1	2	5	2
185	1	2	5	3
186	1	2	5	4
187	1	2	5	5
188	1	2	5	6
189	1	2	5	7
190	1	2	5	8
191	1	2	5	9
192	1	2	5	10
193	1	2	5	11
194	1	2	5	12
195	1	2	5	13
196	1	2	5	14
197	1	2	6	1
198	1	2	6	2
199	1	2	6	3
200	1	2	6	4
201	1	2	6	5
202	1	2	6	6
203	1	2	6	7
204	1	2	6	8
205	1	2	6	9
206	1	2	6	10
207	1	2	6	11
208	1	2	6	12
209	1	2	6	13
210	1	2	6	14
211	1	2	7	1
212	1	2	7	2
213	1	2	7	3
214	1	2	7	4
215	1	2	7	5
216	1	2	7	6
217	1	2	7	7
218	1	2	7	8
219	1	2	7	9
220	1	2	7	10
221	1	2	7	11
222	1	2	7	12
223	1	2	7	13
224	1	2	7	14
225	1	2	8	1
226	1	2	8	2
227	1	2	8	3
228	1	2	8	4
229	1	2	8	5
230	1	2	8	6
231	1	2	8	7
232	1	2	8	8
233	1	2	8	9
234	1	2	8	10
235	1	2	8	11
236	1	2	8	12
237	1	2	8	13
238	1	2	8	14
239	1	2	9	1
240	1	2	9	2
241	1	2	9	3
242	1	2	9	4
243	1	2	9	5
244	1	2	9	6
245	1	2	9	7
246	1	2	9	8
247	1	2	9	9
248	1	2	9	10
249	1	2	9	11
250	1	2	9	12
251	1	2	9	13
252	1	2	9	14
253	1	3	1	1
254	1	3	1	2
255	1	3	1	3
256	1	3	1	4
257	1	3	1	5
258	1	3	1	6
259	1	3	1	7
260	1	3	1	8
261	1	3	1	9
262	1	3	1	10
263	1	3	1	11
264	1	3	1	12
265	1	3	1	13
266	1	3	1	14
267	1	3	2	1
268	1	3	2	2
269	1	3	2	3
270	1	3	2	4
271	1	3	2	5
272	1	3	2	6
273	1	3	2	7
274	1	3	2	8
275	1	3	2	9
276	1	3	2	10
277	1	3	2	11
278	1	3	2	12
279	1	3	2	13
280	1	3	2	14
281	1	3	3	1
282	1	3	3	2
283	1	3	3	3
284	1	3	3	4
285	1	3	3	5
286	1	3	3	6
287	1	3	3	7
288	1	3	3	8
289	1	3	3	9
290	1	3	3	10
291	1	3	3	11
292	1	3	3	12
293	1	3	3	13
294	1	3	3	14
295	1	3	4	1
296	1	3	4	2
297	1	3	4	3
298	1	3	4	4
299	1	3	4	5
300	1	3	4	6
301	1	3	4	7
302	1	3	4	8
303	1	3	4	9
304	1	3	4	10
305	1	3	4	11
306	1	3	4	12
307	1	3	4	13
308	1	3	4	14
309	1	3	5	1
310	1	3	5	2
311	1	3	5	3
312	1	3	5	4
313	1	3	5	5
314	1	3	5	6
315	1	3	5	7
316	1	3	5	8
317	1	3	5	9
318	1	3	5	10
319	1	3	5	11
320	1	3	5	12
321	1	3	5	13
322	1	3	5	14
323	1	3	6	1
324	1	3	6	2
325	1	3	6	3
326	1	3	6	4
327	1	3	6	5
328	1	3	6	6
329	1	3	6	7
330	1	3	6	8
331	1	3	6	9
332	1	3	6	10
333	1	3	6	11
334	1	3	6	12
335	1	3	6	13
336	1	3	6	14
337	1	3	7	1
338	1	3	7	2
339	1	3	7	3
340	1	3	7	4
341	1	3	7	5
342	1	3	7	6
343	1	3	7	7
344	1	3	7	8
345	1	3	7	9
346	1	3	7	10
347	1	3	7	11
348	1	3	7	12
349	1	3	7	13
350	1	3	7	14
351	1	3	8	1
352	1	3	8	2
353	1	3	8	3
354	1	3	8	4
355	1	3	8	5
356	1	3	8	6
357	1	3	8	7
358	1	3	8	8
359	1	3	8	9
360	1	3	8	10
361	1	3	8	11
362	1	3	8	12
363	1	3	8	13
364	1	3	8	14
365	1	3	9	1
366	1	3	9	2
367	1	3	9	3
368	1	3	9	4
369	1	3	9	5
370	1	3	9	6
371	1	3	9	7
372	1	3	9	8
373	1	3	9	9
374	1	3	9	10
375	1	3	9	11
376	1	3	9	12
377	1	3	9	13
378	1	3	9	14
379	1	4	1	1
380	1	4	1	2
381	1	4	1	3
382	1	4	1	4
383	1	4	1	5
384	1	4	1	6
385	1	4	1	7
386	1	4	1	8
387	1	4	1	9
388	1	4	1	10
389	1	4	1	11
390	1	4	1	12
391	1	4	1	13
392	1	4	1	14
393	1	4	2	1
394	1	4	2	2
395	1	4	2	3
396	1	4	2	4
397	1	4	2	5
398	1	4	2	6
399	1	4	2	7
400	1	4	2	8
401	1	4	2	9
402	1	4	2	10
403	1	4	2	11
404	1	4	2	12
405	1	4	2	13
406	1	4	2	14
407	1	4	3	1
408	1	4	3	2
409	1	4	3	3
410	1	4	3	4
411	1	4	3	5
412	1	4	3	6
413	1	4	3	7
414	1	4	3	8
415	1	4	3	9
416	1	4	3	10
417	1	4	3	11
418	1	4	3	12
419	1	4	3	13
420	1	4	3	14
421	1	4	4	1
422	1	4	4	2
423	1	4	4	3
424	1	4	4	4
425	1	4	4	5
426	1	4	4	6
427	1	4	4	7
428	1	4	4	8
429	1	4	4	9
430	1	4	4	10
431	1	4	4	11
432	1	4	4	12
433	1	4	4	13
434	1	4	4	14
435	1	4	5	1
436	1	4	5	2
437	1	4	5	3
438	1	4	5	4
439	1	4	5	5
440	1	4	5	6
441	1	4	5	7
442	1	4	5	8
443	1	4	5	9
444	1	4	5	10
445	1	4	5	11
446	1	4	5	12
447	1	4	5	13
448	1	4	5	14
449	1	4	6	1
450	1	4	6	2
451	1	4	6	3
452	1	4	6	4
453	1	4	6	5
454	1	4	6	6
455	1	4	6	7
456	1	4	6	8
457	1	4	6	9
458	1	4	6	10
459	1	4	6	11
460	1	4	6	12
461	1	4	6	13
462	1	4	6	14
463	1	4	7	1
464	1	4	7	2
465	1	4	7	3
466	1	4	7	4
467	1	4	7	5
468	1	4	7	6
469	1	4	7	7
470	1	4	7	8
471	1	4	7	9
472	1	4	7	10
473	1	4	7	11
474	1	4	7	12
475	1	4	7	13
476	1	4	7	14
477	1	4	8	1
478	1	4	8	2
479	1	4	8	3
480	1	4	8	4
481	1	4	8	5
482	1	4	8	6
483	1	4	8	7
484	1	4	8	8
485	1	4	8	9
486	1	4	8	10
487	1	4	8	11
488	1	4	8	12
489	1	4	8	13
490	1	4	8	14
491	1	4	9	1
492	1	4	9	2
493	1	4	9	3
494	1	4	9	4
495	1	4	9	5
496	1	4	9	6
497	1	4	9	7
498	1	4	9	8
499	1	4	9	9
500	1	4	9	10
501	1	4	9	11
502	1	4	9	12
503	1	4	9	13
504	1	4	9	14
505	2	1	1	1
506	2	1	1	2
507	2	1	1	3
508	2	1	1	4
509	2	1	1	5
510	2	1	1	6
511	2	1	1	7
512	2	1	1	8
513	2	1	1	9
514	2	1	1	10
515	2	1	1	11
516	2	1	1	12
517	2	1	1	13
518	2	1	1	14
519	2	1	2	1
520	2	1	2	2
521	2	1	2	3
522	2	1	2	4
523	2	1	2	5
524	2	1	2	6
525	2	1	2	7
526	2	1	2	8
527	2	1	2	9
528	2	1	2	10
529	2	1	2	11
530	2	1	2	12
531	2	1	2	13
532	2	1	2	14
533	2	1	3	1
534	2	1	3	2
535	2	1	3	3
536	2	1	3	4
537	2	1	3	5
538	2	1	3	6
539	2	1	3	7
540	2	1	3	8
541	2	1	3	9
542	2	1	3	10
543	2	1	3	11
544	2	1	3	12
545	2	1	3	13
546	2	1	3	14
547	2	1	4	1
548	2	1	4	2
549	2	1	4	3
550	2	1	4	4
551	2	1	4	5
552	2	1	4	6
553	2	1	4	7
554	2	1	4	8
555	2	1	4	9
556	2	1	4	10
557	2	1	4	11
558	2	1	4	12
559	2	1	4	13
560	2	1	4	14
561	2	1	5	1
562	2	1	5	2
563	2	1	5	3
564	2	1	5	4
565	2	1	5	5
566	2	1	5	6
567	2	1	5	7
568	2	1	5	8
569	2	1	5	9
570	2	1	5	10
571	2	1	5	11
572	2	1	5	12
573	2	1	5	13
574	2	1	5	14
575	2	1	6	1
576	2	1	6	2
577	2	1	6	3
578	2	1	6	4
579	2	1	6	5
580	2	1	6	6
581	2	1	6	7
582	2	1	6	8
583	2	1	6	9
584	2	1	6	10
585	2	1	6	11
586	2	1	6	12
587	2	1	6	13
588	2	1	6	14
589	2	1	7	1
590	2	1	7	2
591	2	1	7	3
592	2	1	7	4
593	2	1	7	5
594	2	1	7	6
595	2	1	7	7
596	2	1	7	8
597	2	1	7	9
598	2	1	7	10
599	2	1	7	11
600	2	1	7	12
601	2	1	7	13
602	2	1	7	14
603	2	1	8	1
604	2	1	8	2
605	2	1	8	3
606	2	1	8	4
607	2	1	8	5
608	2	1	8	6
609	2	1	8	7
610	2	1	8	8
611	2	1	8	9
612	2	1	8	10
613	2	1	8	11
614	2	1	8	12
615	2	1	8	13
616	2	1	8	14
617	2	1	9	1
618	2	1	9	2
619	2	1	9	3
620	2	1	9	4
621	2	1	9	5
622	2	1	9	6
623	2	1	9	7
624	2	1	9	8
625	2	1	9	9
626	2	1	9	10
627	2	1	9	11
628	2	1	9	12
629	2	1	9	13
630	2	1	9	14
631	2	2	1	1
632	2	2	1	2
633	2	2	1	3
634	2	2	1	4
635	2	2	1	5
636	2	2	1	6
637	2	2	1	7
638	2	2	1	8
639	2	2	1	9
640	2	2	1	10
641	2	2	1	11
642	2	2	1	12
643	2	2	1	13
644	2	2	1	14
645	2	2	2	1
646	2	2	2	2
647	2	2	2	3
648	2	2	2	4
649	2	2	2	5
650	2	2	2	6
651	2	2	2	7
652	2	2	2	8
653	2	2	2	9
654	2	2	2	10
655	2	2	2	11
656	2	2	2	12
657	2	2	2	13
658	2	2	2	14
659	2	2	3	1
660	2	2	3	2
661	2	2	3	3
662	2	2	3	4
663	2	2	3	5
664	2	2	3	6
665	2	2	3	7
666	2	2	3	8
667	2	2	3	9
668	2	2	3	10
669	2	2	3	11
670	2	2	3	12
671	2	2	3	13
672	2	2	3	14
673	2	2	4	1
674	2	2	4	2
675	2	2	4	3
676	2	2	4	4
677	2	2	4	5
678	2	2	4	6
679	2	2	4	7
680	2	2	4	8
681	2	2	4	9
682	2	2	4	10
683	2	2	4	11
684	2	2	4	12
685	2	2	4	13
686	2	2	4	14
687	2	2	5	1
688	2	2	5	2
689	2	2	5	3
690	2	2	5	4
691	2	2	5	5
692	2	2	5	6
693	2	2	5	7
694	2	2	5	8
695	2	2	5	9
696	2	2	5	10
697	2	2	5	11
698	2	2	5	12
699	2	2	5	13
700	2	2	5	14
701	2	2	6	1
702	2	2	6	2
703	2	2	6	3
704	2	2	6	4
705	2	2	6	5
706	2	2	6	6
707	2	2	6	7
708	2	2	6	8
709	2	2	6	9
710	2	2	6	10
711	2	2	6	11
712	2	2	6	12
713	2	2	6	13
714	2	2	6	14
715	2	2	7	1
716	2	2	7	2
717	2	2	7	3
718	2	2	7	4
719	2	2	7	5
720	2	2	7	6
721	2	2	7	7
722	2	2	7	8
723	2	2	7	9
724	2	2	7	10
725	2	2	7	11
726	2	2	7	12
727	2	2	7	13
728	2	2	7	14
729	2	2	8	1
730	2	2	8	2
731	2	2	8	3
732	2	2	8	4
733	2	2	8	5
734	2	2	8	6
735	2	2	8	7
736	2	2	8	8
737	2	2	8	9
738	2	2	8	10
739	2	2	8	11
740	2	2	8	12
741	2	2	8	13
742	2	2	8	14
743	2	2	9	1
744	2	2	9	2
745	2	2	9	3
746	2	2	9	4
747	2	2	9	5
748	2	2	9	6
749	2	2	9	7
750	2	2	9	8
751	2	2	9	9
752	2	2	9	10
753	2	2	9	11
754	2	2	9	12
755	2	2	9	13
756	2	2	9	14
757	2	3	1	1
758	2	3	1	2
759	2	3	1	3
760	2	3	1	4
761	2	3	1	5
762	2	3	1	6
763	2	3	1	7
764	2	3	1	8
765	2	3	1	9
766	2	3	1	10
767	2	3	1	11
768	2	3	1	12
769	2	3	1	13
770	2	3	1	14
771	2	3	2	1
772	2	3	2	2
773	2	3	2	3
774	2	3	2	4
775	2	3	2	5
776	2	3	2	6
777	2	3	2	7
778	2	3	2	8
779	2	3	2	9
780	2	3	2	10
781	2	3	2	11
782	2	3	2	12
783	2	3	2	13
784	2	3	2	14
785	2	3	3	1
786	2	3	3	2
787	2	3	3	3
788	2	3	3	4
789	2	3	3	5
790	2	3	3	6
791	2	3	3	7
792	2	3	3	8
793	2	3	3	9
794	2	3	3	10
795	2	3	3	11
796	2	3	3	12
797	2	3	3	13
798	2	3	3	14
799	2	3	4	1
800	2	3	4	2
801	2	3	4	3
802	2	3	4	4
803	2	3	4	5
804	2	3	4	6
805	2	3	4	7
806	2	3	4	8
807	2	3	4	9
808	2	3	4	10
809	2	3	4	11
810	2	3	4	12
811	2	3	4	13
812	2	3	4	14
813	2	3	5	1
814	2	3	5	2
815	2	3	5	3
816	2	3	5	4
817	2	3	5	5
818	2	3	5	6
819	2	3	5	7
820	2	3	5	8
821	2	3	5	9
822	2	3	5	10
823	2	3	5	11
824	2	3	5	12
825	2	3	5	13
826	2	3	5	14
827	2	3	6	1
828	2	3	6	2
829	2	3	6	3
830	2	3	6	4
831	2	3	6	5
832	2	3	6	6
833	2	3	6	7
834	2	3	6	8
835	2	3	6	9
836	2	3	6	10
837	2	3	6	11
838	2	3	6	12
839	2	3	6	13
840	2	3	6	14
841	2	3	7	1
842	2	3	7	2
843	2	3	7	3
844	2	3	7	4
845	2	3	7	5
846	2	3	7	6
847	2	3	7	7
848	2	3	7	8
849	2	3	7	9
850	2	3	7	10
851	2	3	7	11
852	2	3	7	12
853	2	3	7	13
854	2	3	7	14
855	2	3	8	1
856	2	3	8	2
857	2	3	8	3
858	2	3	8	4
859	2	3	8	5
860	2	3	8	6
861	2	3	8	7
862	2	3	8	8
863	2	3	8	9
864	2	3	8	10
865	2	3	8	11
866	2	3	8	12
867	2	3	8	13
868	2	3	8	14
869	2	3	9	1
870	2	3	9	2
871	2	3	9	3
872	2	3	9	4
873	2	3	9	5
874	2	3	9	6
875	2	3	9	7
876	2	3	9	8
877	2	3	9	9
878	2	3	9	10
879	2	3	9	11
880	2	3	9	12
881	2	3	9	13
882	2	3	9	14
883	2	4	1	1
884	2	4	1	2
885	2	4	1	3
886	2	4	1	4
887	2	4	1	5
888	2	4	1	6
889	2	4	1	7
890	2	4	1	8
891	2	4	1	9
892	2	4	1	10
893	2	4	1	11
894	2	4	1	12
895	2	4	1	13
896	2	4	1	14
897	2	4	2	1
898	2	4	2	2
899	2	4	2	3
900	2	4	2	4
901	2	4	2	5
902	2	4	2	6
903	2	4	2	7
904	2	4	2	8
905	2	4	2	9
906	2	4	2	10
907	2	4	2	11
908	2	4	2	12
909	2	4	2	13
910	2	4	2	14
911	2	4	3	1
912	2	4	3	2
913	2	4	3	3
914	2	4	3	4
915	2	4	3	5
916	2	4	3	6
917	2	4	3	7
918	2	4	3	8
919	2	4	3	9
920	2	4	3	10
921	2	4	3	11
922	2	4	3	12
923	2	4	3	13
924	2	4	3	14
925	2	4	4	1
926	2	4	4	2
927	2	4	4	3
928	2	4	4	4
929	2	4	4	5
930	2	4	4	6
931	2	4	4	7
932	2	4	4	8
933	2	4	4	9
934	2	4	4	10
935	2	4	4	11
936	2	4	4	12
937	2	4	4	13
938	2	4	4	14
939	2	4	5	1
940	2	4	5	2
941	2	4	5	3
942	2	4	5	4
943	2	4	5	5
944	2	4	5	6
945	2	4	5	7
946	2	4	5	8
947	2	4	5	9
948	2	4	5	10
949	2	4	5	11
950	2	4	5	12
951	2	4	5	13
952	2	4	5	14
953	2	4	6	1
954	2	4	6	2
955	2	4	6	3
956	2	4	6	4
957	2	4	6	5
958	2	4	6	6
959	2	4	6	7
960	2	4	6	8
961	2	4	6	9
962	2	4	6	10
963	2	4	6	11
964	2	4	6	12
965	2	4	6	13
966	2	4	6	14
967	2	4	7	1
968	2	4	7	2
969	2	4	7	3
970	2	4	7	4
971	2	4	7	5
972	2	4	7	6
973	2	4	7	7
974	2	4	7	8
975	2	4	7	9
976	2	4	7	10
977	2	4	7	11
978	2	4	7	12
979	2	4	7	13
980	2	4	7	14
981	2	4	8	1
982	2	4	8	2
983	2	4	8	3
984	2	4	8	4
985	2	4	8	5
986	2	4	8	6
987	2	4	8	7
988	2	4	8	8
989	2	4	8	9
990	2	4	8	10
991	2	4	8	11
992	2	4	8	12
993	2	4	8	13
994	2	4	8	14
995	2	4	9	1
996	2	4	9	2
997	2	4	9	3
998	2	4	9	4
999	2	4	9	5
1000	2	4	9	6
1001	2	4	9	7
1002	2	4	9	8
1003	2	4	9	9
1004	2	4	9	10
1005	2	4	9	11
1006	2	4	9	12
1007	2	4	9	13
1008	2	4	9	14
1009	3	1	1	1
1010	3	1	1	2
1011	3	1	1	3
1012	3	1	1	4
1013	3	1	1	5
1014	3	1	1	6
1015	3	1	1	7
1016	3	1	1	8
1017	3	1	1	9
1018	3	1	1	10
1019	3	1	1	11
1020	3	1	1	12
1021	3	1	1	13
1022	3	1	1	14
1023	3	1	2	1
1024	3	1	2	2
1025	3	1	2	3
1026	3	1	2	4
1027	3	1	2	5
1028	3	1	2	6
1029	3	1	2	7
1030	3	1	2	8
1031	3	1	2	9
1032	3	1	2	10
1033	3	1	2	11
1034	3	1	2	12
1035	3	1	2	13
1036	3	1	2	14
1037	3	1	3	1
1038	3	1	3	2
1039	3	1	3	3
1040	3	1	3	4
1041	3	1	3	5
1042	3	1	3	6
1043	3	1	3	7
1044	3	1	3	8
1045	3	1	3	9
1046	3	1	3	10
1047	3	1	3	11
1048	3	1	3	12
1049	3	1	3	13
1050	3	1	3	14
1051	3	1	4	1
1052	3	1	4	2
1053	3	1	4	3
1054	3	1	4	4
1055	3	1	4	5
1056	3	1	4	6
1057	3	1	4	7
1058	3	1	4	8
1059	3	1	4	9
1060	3	1	4	10
1061	3	1	4	11
1062	3	1	4	12
1063	3	1	4	13
1064	3	1	4	14
1065	3	1	5	1
1066	3	1	5	2
1067	3	1	5	3
1068	3	1	5	4
1069	3	1	5	5
1070	3	1	5	6
1071	3	1	5	7
1072	3	1	5	8
1073	3	1	5	9
1074	3	1	5	10
1075	3	1	5	11
1076	3	1	5	12
1077	3	1	5	13
1078	3	1	5	14
1079	3	1	6	1
1080	3	1	6	2
1081	3	1	6	3
1082	3	1	6	4
1083	3	1	6	5
1084	3	1	6	6
1085	3	1	6	7
1086	3	1	6	8
1087	3	1	6	9
1088	3	1	6	10
1089	3	1	6	11
1090	3	1	6	12
1091	3	1	6	13
1092	3	1	6	14
1093	3	1	7	1
1094	3	1	7	2
1095	3	1	7	3
1096	3	1	7	4
1097	3	1	7	5
1098	3	1	7	6
1099	3	1	7	7
1100	3	1	7	8
1101	3	1	7	9
1102	3	1	7	10
1103	3	1	7	11
1104	3	1	7	12
1105	3	1	7	13
1106	3	1	7	14
1107	3	1	8	1
1108	3	1	8	2
1109	3	1	8	3
1110	3	1	8	4
1111	3	1	8	5
1112	3	1	8	6
1113	3	1	8	7
1114	3	1	8	8
1115	3	1	8	9
1116	3	1	8	10
1117	3	1	8	11
1118	3	1	8	12
1119	3	1	8	13
1120	3	1	8	14
1121	3	1	9	1
1122	3	1	9	2
1123	3	1	9	3
1124	3	1	9	4
1125	3	1	9	5
1126	3	1	9	6
1127	3	1	9	7
1128	3	1	9	8
1129	3	1	9	9
1130	3	1	9	10
1131	3	1	9	11
1132	3	1	9	12
1133	3	1	9	13
1134	3	1	9	14
1135	3	2	1	1
1136	3	2	1	2
1137	3	2	1	3
1138	3	2	1	4
1139	3	2	1	5
1140	3	2	1	6
1141	3	2	1	7
1142	3	2	1	8
1143	3	2	1	9
1144	3	2	1	10
1145	3	2	1	11
1146	3	2	1	12
1147	3	2	1	13
1148	3	2	1	14
1149	3	2	2	1
1150	3	2	2	2
1151	3	2	2	3
1152	3	2	2	4
1153	3	2	2	5
1154	3	2	2	6
1155	3	2	2	7
1156	3	2	2	8
1157	3	2	2	9
1158	3	2	2	10
1159	3	2	2	11
1160	3	2	2	12
1161	3	2	2	13
1162	3	2	2	14
1163	3	2	3	1
1164	3	2	3	2
1165	3	2	3	3
1166	3	2	3	4
1167	3	2	3	5
1168	3	2	3	6
1169	3	2	3	7
1170	3	2	3	8
1171	3	2	3	9
1172	3	2	3	10
1173	3	2	3	11
1174	3	2	3	12
1175	3	2	3	13
1176	3	2	3	14
1177	3	2	4	1
1178	3	2	4	2
1179	3	2	4	3
1180	3	2	4	4
1181	3	2	4	5
1182	3	2	4	6
1183	3	2	4	7
1184	3	2	4	8
1185	3	2	4	9
1186	3	2	4	10
1187	3	2	4	11
1188	3	2	4	12
1189	3	2	4	13
1190	3	2	4	14
1191	3	2	5	1
1192	3	2	5	2
1193	3	2	5	3
1194	3	2	5	4
1195	3	2	5	5
1196	3	2	5	6
1197	3	2	5	7
1198	3	2	5	8
1199	3	2	5	9
1200	3	2	5	10
1201	3	2	5	11
1202	3	2	5	12
1203	3	2	5	13
1204	3	2	5	14
1205	3	2	6	1
1206	3	2	6	2
1207	3	2	6	3
1208	3	2	6	4
1209	3	2	6	5
1210	3	2	6	6
1211	3	2	6	7
1212	3	2	6	8
1213	3	2	6	9
1214	3	2	6	10
1215	3	2	6	11
1216	3	2	6	12
1217	3	2	6	13
1218	3	2	6	14
1219	3	2	7	1
1220	3	2	7	2
1221	3	2	7	3
1222	3	2	7	4
1223	3	2	7	5
1224	3	2	7	6
1225	3	2	7	7
1226	3	2	7	8
1227	3	2	7	9
1228	3	2	7	10
1229	3	2	7	11
1230	3	2	7	12
1231	3	2	7	13
1232	3	2	7	14
1233	3	2	8	1
1234	3	2	8	2
1235	3	2	8	3
1236	3	2	8	4
1237	3	2	8	5
1238	3	2	8	6
1239	3	2	8	7
1240	3	2	8	8
1241	3	2	8	9
1242	3	2	8	10
1243	3	2	8	11
1244	3	2	8	12
1245	3	2	8	13
1246	3	2	8	14
1247	3	2	9	1
1248	3	2	9	2
1249	3	2	9	3
1250	3	2	9	4
1251	3	2	9	5
1252	3	2	9	6
1253	3	2	9	7
1254	3	2	9	8
1255	3	2	9	9
1256	3	2	9	10
1257	3	2	9	11
1258	3	2	9	12
1259	3	2	9	13
1260	3	2	9	14
1261	3	3	1	1
1262	3	3	1	2
1263	3	3	1	3
1264	3	3	1	4
1265	3	3	1	5
1266	3	3	1	6
1267	3	3	1	7
1268	3	3	1	8
1269	3	3	1	9
1270	3	3	1	10
1271	3	3	1	11
1272	3	3	1	12
1273	3	3	1	13
1274	3	3	1	14
1275	3	3	2	1
1276	3	3	2	2
1277	3	3	2	3
1278	3	3	2	4
1279	3	3	2	5
1280	3	3	2	6
1281	3	3	2	7
1282	3	3	2	8
1283	3	3	2	9
1284	3	3	2	10
1285	3	3	2	11
1286	3	3	2	12
1287	3	3	2	13
1288	3	3	2	14
1289	3	3	3	1
1290	3	3	3	2
1291	3	3	3	3
1292	3	3	3	4
1293	3	3	3	5
1294	3	3	3	6
1295	3	3	3	7
1296	3	3	3	8
1297	3	3	3	9
1298	3	3	3	10
1299	3	3	3	11
1300	3	3	3	12
1301	3	3	3	13
1302	3	3	3	14
1303	3	3	4	1
1304	3	3	4	2
1305	3	3	4	3
1306	3	3	4	4
1307	3	3	4	5
1308	3	3	4	6
1309	3	3	4	7
1310	3	3	4	8
1311	3	3	4	9
1312	3	3	4	10
1313	3	3	4	11
1314	3	3	4	12
1315	3	3	4	13
1316	3	3	4	14
1317	3	3	5	1
1318	3	3	5	2
1319	3	3	5	3
1320	3	3	5	4
1321	3	3	5	5
1322	3	3	5	6
1323	3	3	5	7
1324	3	3	5	8
1325	3	3	5	9
1326	3	3	5	10
1327	3	3	5	11
1328	3	3	5	12
1329	3	3	5	13
1330	3	3	5	14
1331	3	3	6	1
1332	3	3	6	2
1333	3	3	6	3
1334	3	3	6	4
1335	3	3	6	5
1336	3	3	6	6
1337	3	3	6	7
1338	3	3	6	8
1339	3	3	6	9
1340	3	3	6	10
1341	3	3	6	11
1342	3	3	6	12
1343	3	3	6	13
1344	3	3	6	14
1345	3	3	7	1
1346	3	3	7	2
1347	3	3	7	3
1348	3	3	7	4
1349	3	3	7	5
1350	3	3	7	6
1351	3	3	7	7
1352	3	3	7	8
1353	3	3	7	9
1354	3	3	7	10
1355	3	3	7	11
1356	3	3	7	12
1357	3	3	7	13
1358	3	3	7	14
1359	3	3	8	1
1360	3	3	8	2
1361	3	3	8	3
1362	3	3	8	4
1363	3	3	8	5
1364	3	3	8	6
1365	3	3	8	7
1366	3	3	8	8
1367	3	3	8	9
1368	3	3	8	10
1369	3	3	8	11
1370	3	3	8	12
1371	3	3	8	13
1372	3	3	8	14
1373	3	3	9	1
1374	3	3	9	2
1375	3	3	9	3
1376	3	3	9	4
1377	3	3	9	5
1378	3	3	9	6
1379	3	3	9	7
1380	3	3	9	8
1381	3	3	9	9
1382	3	3	9	10
1383	3	3	9	11
1384	3	3	9	12
1385	3	3	9	13
1386	3	3	9	14
1387	3	4	1	1
1388	3	4	1	2
1389	3	4	1	3
1390	3	4	1	4
1391	3	4	1	5
1392	3	4	1	6
1393	3	4	1	7
1394	3	4	1	8
1395	3	4	1	9
1396	3	4	1	10
1397	3	4	1	11
1398	3	4	1	12
1399	3	4	1	13
1400	3	4	1	14
1401	3	4	2	1
1402	3	4	2	2
1403	3	4	2	3
1404	3	4	2	4
1405	3	4	2	5
1406	3	4	2	6
1407	3	4	2	7
1408	3	4	2	8
1409	3	4	2	9
1410	3	4	2	10
1411	3	4	2	11
1412	3	4	2	12
1413	3	4	2	13
1414	3	4	2	14
1415	3	4	3	1
1416	3	4	3	2
1417	3	4	3	3
1418	3	4	3	4
1419	3	4	3	5
1420	3	4	3	6
1421	3	4	3	7
1422	3	4	3	8
1423	3	4	3	9
1424	3	4	3	10
1425	3	4	3	11
1426	3	4	3	12
1427	3	4	3	13
1428	3	4	3	14
1429	3	4	4	1
1430	3	4	4	2
1431	3	4	4	3
1432	3	4	4	4
1433	3	4	4	5
1434	3	4	4	6
1435	3	4	4	7
1436	3	4	4	8
1437	3	4	4	9
1438	3	4	4	10
1439	3	4	4	11
1440	3	4	4	12
1441	3	4	4	13
1442	3	4	4	14
1443	3	4	5	1
1444	3	4	5	2
1445	3	4	5	3
1446	3	4	5	4
1447	3	4	5	5
1448	3	4	5	6
1449	3	4	5	7
1450	3	4	5	8
1451	3	4	5	9
1452	3	4	5	10
1453	3	4	5	11
1454	3	4	5	12
1455	3	4	5	13
1456	3	4	5	14
1457	3	4	6	1
1458	3	4	6	2
1459	3	4	6	3
1460	3	4	6	4
1461	3	4	6	5
1462	3	4	6	6
1463	3	4	6	7
1464	3	4	6	8
1465	3	4	6	9
1466	3	4	6	10
1467	3	4	6	11
1468	3	4	6	12
1469	3	4	6	13
1470	3	4	6	14
1471	3	4	7	1
1472	3	4	7	2
1473	3	4	7	3
1474	3	4	7	4
1475	3	4	7	5
1476	3	4	7	6
1477	3	4	7	7
1478	3	4	7	8
1479	3	4	7	9
1480	3	4	7	10
1481	3	4	7	11
1482	3	4	7	12
1483	3	4	7	13
1484	3	4	7	14
1485	3	4	8	1
1486	3	4	8	2
1487	3	4	8	3
1488	3	4	8	4
1489	3	4	8	5
1490	3	4	8	6
1491	3	4	8	7
1492	3	4	8	8
1493	3	4	8	9
1494	3	4	8	10
1495	3	4	8	11
1496	3	4	8	12
1497	3	4	8	13
1498	3	4	8	14
1499	3	4	9	1
1500	3	4	9	2
1501	3	4	9	3
1502	3	4	9	4
1503	3	4	9	5
1504	3	4	9	6
1505	3	4	9	7
1506	3	4	9	8
1507	3	4	9	9
1508	3	4	9	10
1509	3	4	9	11
1510	3	4	9	12
1511	3	4	9	13
1512	3	4	9	14
1513	4	1	1	1
1514	4	1	1	2
1515	4	1	1	3
1516	4	1	1	4
1517	4	1	1	5
1518	4	1	1	6
1519	4	1	1	7
1520	4	1	1	8
1521	4	1	1	9
1522	4	1	1	10
1523	4	1	1	11
1524	4	1	1	12
1525	4	1	1	13
1526	4	1	1	14
1527	4	1	2	1
1528	4	1	2	2
1529	4	1	2	3
1530	4	1	2	4
1531	4	1	2	5
1532	4	1	2	6
1533	4	1	2	7
1534	4	1	2	8
1535	4	1	2	9
1536	4	1	2	10
1537	4	1	2	11
1538	4	1	2	12
1539	4	1	2	13
1540	4	1	2	14
1541	4	1	3	1
1542	4	1	3	2
1543	4	1	3	3
1544	4	1	3	4
1545	4	1	3	5
1546	4	1	3	6
1547	4	1	3	7
1548	4	1	3	8
1549	4	1	3	9
1550	4	1	3	10
1551	4	1	3	11
1552	4	1	3	12
1553	4	1	3	13
1554	4	1	3	14
1555	4	1	4	1
1556	4	1	4	2
1557	4	1	4	3
1558	4	1	4	4
1559	4	1	4	5
1560	4	1	4	6
1561	4	1	4	7
1562	4	1	4	8
1563	4	1	4	9
1564	4	1	4	10
1565	4	1	4	11
1566	4	1	4	12
1567	4	1	4	13
1568	4	1	4	14
1569	4	1	5	1
1570	4	1	5	2
1571	4	1	5	3
1572	4	1	5	4
1573	4	1	5	5
1574	4	1	5	6
1575	4	1	5	7
1576	4	1	5	8
1577	4	1	5	9
1578	4	1	5	10
1579	4	1	5	11
1580	4	1	5	12
1581	4	1	5	13
1582	4	1	5	14
1583	4	1	6	1
1584	4	1	6	2
1585	4	1	6	3
1586	4	1	6	4
1587	4	1	6	5
1588	4	1	6	6
1589	4	1	6	7
1590	4	1	6	8
1591	4	1	6	9
1592	4	1	6	10
1593	4	1	6	11
1594	4	1	6	12
1595	4	1	6	13
1596	4	1	6	14
1597	4	1	7	1
1598	4	1	7	2
1599	4	1	7	3
1600	4	1	7	4
1601	4	1	7	5
1602	4	1	7	6
1603	4	1	7	7
1604	4	1	7	8
1605	4	1	7	9
1606	4	1	7	10
1607	4	1	7	11
1608	4	1	7	12
1609	4	1	7	13
1610	4	1	7	14
1611	4	1	8	1
1612	4	1	8	2
1613	4	1	8	3
1614	4	1	8	4
1615	4	1	8	5
1616	4	1	8	6
1617	4	1	8	7
1618	4	1	8	8
1619	4	1	8	9
1620	4	1	8	10
1621	4	1	8	11
1622	4	1	8	12
1623	4	1	8	13
1624	4	1	8	14
1625	4	1	9	1
1626	4	1	9	2
1627	4	1	9	3
1628	4	1	9	4
1629	4	1	9	5
1630	4	1	9	6
1631	4	1	9	7
1632	4	1	9	8
1633	4	1	9	9
1634	4	1	9	10
1635	4	1	9	11
1636	4	1	9	12
1637	4	1	9	13
1638	4	1	9	14
1639	4	2	1	1
1640	4	2	1	2
1641	4	2	1	3
1642	4	2	1	4
1643	4	2	1	5
1644	4	2	1	6
1645	4	2	1	7
1646	4	2	1	8
1647	4	2	1	9
1648	4	2	1	10
1649	4	2	1	11
1650	4	2	1	12
1651	4	2	1	13
1652	4	2	1	14
1653	4	2	2	1
1654	4	2	2	2
1655	4	2	2	3
1656	4	2	2	4
1657	4	2	2	5
1658	4	2	2	6
1659	4	2	2	7
1660	4	2	2	8
1661	4	2	2	9
1662	4	2	2	10
1663	4	2	2	11
1664	4	2	2	12
1665	4	2	2	13
1666	4	2	2	14
1667	4	2	3	1
1668	4	2	3	2
1669	4	2	3	3
1670	4	2	3	4
1671	4	2	3	5
1672	4	2	3	6
1673	4	2	3	7
1674	4	2	3	8
1675	4	2	3	9
1676	4	2	3	10
1677	4	2	3	11
1678	4	2	3	12
1679	4	2	3	13
1680	4	2	3	14
1681	4	2	4	1
1682	4	2	4	2
1683	4	2	4	3
1684	4	2	4	4
1685	4	2	4	5
1686	4	2	4	6
1687	4	2	4	7
1688	4	2	4	8
1689	4	2	4	9
1690	4	2	4	10
1691	4	2	4	11
1692	4	2	4	12
1693	4	2	4	13
1694	4	2	4	14
1695	4	2	5	1
1696	4	2	5	2
1697	4	2	5	3
1698	4	2	5	4
1699	4	2	5	5
1700	4	2	5	6
1701	4	2	5	7
1702	4	2	5	8
1703	4	2	5	9
1704	4	2	5	10
1705	4	2	5	11
1706	4	2	5	12
1707	4	2	5	13
1708	4	2	5	14
1709	4	2	6	1
1710	4	2	6	2
1711	4	2	6	3
1712	4	2	6	4
1713	4	2	6	5
1714	4	2	6	6
1715	4	2	6	7
1716	4	2	6	8
1717	4	2	6	9
1718	4	2	6	10
1719	4	2	6	11
1720	4	2	6	12
1721	4	2	6	13
1722	4	2	6	14
1723	4	2	7	1
1724	4	2	7	2
1725	4	2	7	3
1726	4	2	7	4
1727	4	2	7	5
1728	4	2	7	6
1729	4	2	7	7
1730	4	2	7	8
1731	4	2	7	9
1732	4	2	7	10
1733	4	2	7	11
1734	4	2	7	12
1735	4	2	7	13
1736	4	2	7	14
1737	4	2	8	1
1738	4	2	8	2
1739	4	2	8	3
1740	4	2	8	4
1741	4	2	8	5
1742	4	2	8	6
1743	4	2	8	7
1744	4	2	8	8
1745	4	2	8	9
1746	4	2	8	10
1747	4	2	8	11
1748	4	2	8	12
1749	4	2	8	13
1750	4	2	8	14
1751	4	2	9	1
1752	4	2	9	2
1753	4	2	9	3
1754	4	2	9	4
1755	4	2	9	5
1756	4	2	9	6
1757	4	2	9	7
1758	4	2	9	8
1759	4	2	9	9
1760	4	2	9	10
1761	4	2	9	11
1762	4	2	9	12
1763	4	2	9	13
1764	4	2	9	14
1765	4	3	1	1
1766	4	3	1	2
1767	4	3	1	3
1768	4	3	1	4
1769	4	3	1	5
1770	4	3	1	6
1771	4	3	1	7
1772	4	3	1	8
1773	4	3	1	9
1774	4	3	1	10
1775	4	3	1	11
1776	4	3	1	12
1777	4	3	1	13
1778	4	3	1	14
1779	4	3	2	1
1780	4	3	2	2
1781	4	3	2	3
1782	4	3	2	4
1783	4	3	2	5
1784	4	3	2	6
1785	4	3	2	7
1786	4	3	2	8
1787	4	3	2	9
1788	4	3	2	10
1789	4	3	2	11
1790	4	3	2	12
1791	4	3	2	13
1792	4	3	2	14
1793	4	3	3	1
1794	4	3	3	2
1795	4	3	3	3
1796	4	3	3	4
1797	4	3	3	5
1798	4	3	3	6
1799	4	3	3	7
1800	4	3	3	8
1801	4	3	3	9
1802	4	3	3	10
1803	4	3	3	11
1804	4	3	3	12
1805	4	3	3	13
1806	4	3	3	14
1807	4	3	4	1
1808	4	3	4	2
1809	4	3	4	3
1810	4	3	4	4
1811	4	3	4	5
1812	4	3	4	6
1813	4	3	4	7
1814	4	3	4	8
1815	4	3	4	9
1816	4	3	4	10
1817	4	3	4	11
1818	4	3	4	12
1819	4	3	4	13
1820	4	3	4	14
1821	4	3	5	1
1822	4	3	5	2
1823	4	3	5	3
1824	4	3	5	4
1825	4	3	5	5
1826	4	3	5	6
1827	4	3	5	7
1828	4	3	5	8
1829	4	3	5	9
1830	4	3	5	10
1831	4	3	5	11
1832	4	3	5	12
1833	4	3	5	13
1834	4	3	5	14
1835	4	3	6	1
1836	4	3	6	2
1837	4	3	6	3
1838	4	3	6	4
1839	4	3	6	5
1840	4	3	6	6
1841	4	3	6	7
1842	4	3	6	8
1843	4	3	6	9
1844	4	3	6	10
1845	4	3	6	11
1846	4	3	6	12
1847	4	3	6	13
1848	4	3	6	14
1849	4	3	7	1
1850	4	3	7	2
1851	4	3	7	3
1852	4	3	7	4
1853	4	3	7	5
1854	4	3	7	6
1855	4	3	7	7
1856	4	3	7	8
1857	4	3	7	9
1858	4	3	7	10
1859	4	3	7	11
1860	4	3	7	12
1861	4	3	7	13
1862	4	3	7	14
1863	4	3	8	1
1864	4	3	8	2
1865	4	3	8	3
1866	4	3	8	4
1867	4	3	8	5
1868	4	3	8	6
1869	4	3	8	7
1870	4	3	8	8
1871	4	3	8	9
1872	4	3	8	10
1873	4	3	8	11
1874	4	3	8	12
1875	4	3	8	13
1876	4	3	8	14
1877	4	3	9	1
1878	4	3	9	2
1879	4	3	9	3
1880	4	3	9	4
1881	4	3	9	5
1882	4	3	9	6
1883	4	3	9	7
1884	4	3	9	8
1885	4	3	9	9
1886	4	3	9	10
1887	4	3	9	11
1888	4	3	9	12
1889	4	3	9	13
1890	4	3	9	14
1891	4	4	1	1
1892	4	4	1	2
1893	4	4	1	3
1894	4	4	1	4
1895	4	4	1	5
1896	4	4	1	6
1897	4	4	1	7
1898	4	4	1	8
1899	4	4	1	9
1900	4	4	1	10
1901	4	4	1	11
1902	4	4	1	12
1903	4	4	1	13
1904	4	4	1	14
1905	4	4	2	1
1906	4	4	2	2
1907	4	4	2	3
1908	4	4	2	4
1909	4	4	2	5
1910	4	4	2	6
1911	4	4	2	7
1912	4	4	2	8
1913	4	4	2	9
1914	4	4	2	10
1915	4	4	2	11
1916	4	4	2	12
1917	4	4	2	13
1918	4	4	2	14
1919	4	4	3	1
1920	4	4	3	2
1921	4	4	3	3
1922	4	4	3	4
1923	4	4	3	5
1924	4	4	3	6
1925	4	4	3	7
1926	4	4	3	8
1927	4	4	3	9
1928	4	4	3	10
1929	4	4	3	11
1930	4	4	3	12
1931	4	4	3	13
1932	4	4	3	14
1933	4	4	4	1
1934	4	4	4	2
1935	4	4	4	3
1936	4	4	4	4
1937	4	4	4	5
1938	4	4	4	6
1939	4	4	4	7
1940	4	4	4	8
1941	4	4	4	9
1942	4	4	4	10
1943	4	4	4	11
1944	4	4	4	12
1945	4	4	4	13
1946	4	4	4	14
1947	4	4	5	1
1948	4	4	5	2
1949	4	4	5	3
1950	4	4	5	4
1951	4	4	5	5
1952	4	4	5	6
1953	4	4	5	7
1954	4	4	5	8
1955	4	4	5	9
1956	4	4	5	10
1957	4	4	5	11
1958	4	4	5	12
1959	4	4	5	13
1960	4	4	5	14
1961	4	4	6	1
1962	4	4	6	2
1963	4	4	6	3
1964	4	4	6	4
1965	4	4	6	5
1966	4	4	6	6
1967	4	4	6	7
1968	4	4	6	8
1969	4	4	6	9
1970	4	4	6	10
1971	4	4	6	11
1972	4	4	6	12
1973	4	4	6	13
1974	4	4	6	14
1975	4	4	7	1
1976	4	4	7	2
1977	4	4	7	3
1978	4	4	7	4
1979	4	4	7	5
1980	4	4	7	6
1981	4	4	7	7
1982	4	4	7	8
1983	4	4	7	9
1984	4	4	7	10
1985	4	4	7	11
1986	4	4	7	12
1987	4	4	7	13
1988	4	4	7	14
1989	4	4	8	1
1990	4	4	8	2
1991	4	4	8	3
1992	4	4	8	4
1993	4	4	8	5
1994	4	4	8	6
1995	4	4	8	7
1996	4	4	8	8
1997	4	4	8	9
1998	4	4	8	10
1999	4	4	8	11
2000	4	4	8	12
2001	4	4	8	13
2002	4	4	8	14
2003	4	4	9	1
2004	4	4	9	2
2005	4	4	9	3
2006	4	4	9	4
2007	4	4	9	5
2008	4	4	9	6
2009	4	4	9	7
2010	4	4	9	8
2011	4	4	9	9
2012	4	4	9	10
2013	4	4	9	11
2014	4	4	9	12
2015	4	4	9	13
2016	4	4	9	14
2017	1	1	1	1
2018	1	1	1	2
2019	1	1	1	3
2020	1	1	1	4
2021	1	1	1	5
2022	1	1	1	6
2023	1	1	1	7
2024	1	1	1	8
2025	1	1	1	9
2026	1	1	1	10
2027	1	1	1	11
2028	1	1	1	12
2029	1	1	1	13
2030	1	1	1	14
2031	1	1	2	1
2032	1	1	2	2
2033	1	1	2	3
2034	1	1	2	4
2035	1	1	2	5
2036	1	1	2	6
2037	1	1	2	7
2038	1	1	2	8
2039	1	1	2	9
2040	1	1	2	10
2041	1	1	2	11
2042	1	1	2	12
2043	1	1	2	13
2044	1	1	2	14
2045	1	1	3	1
2046	1	1	3	2
2047	1	1	3	3
2048	1	1	3	4
2049	1	1	3	5
2050	1	1	3	6
2051	1	1	3	7
2052	1	1	3	8
2053	1	1	3	9
2054	1	1	3	10
2055	1	1	3	11
2056	1	1	3	12
2057	1	1	3	13
2058	1	1	3	14
2059	1	1	4	1
2060	1	1	4	2
2061	1	1	4	3
2062	1	1	4	4
2063	1	1	4	5
2064	1	1	4	6
2065	1	1	4	7
2066	1	1	4	8
2067	1	1	4	9
2068	1	1	4	10
2069	1	1	4	11
2070	1	1	4	12
2071	1	1	4	13
2072	1	1	4	14
2073	1	1	5	1
2074	1	1	5	2
2075	1	1	5	3
2076	1	1	5	4
2077	1	1	5	5
2078	1	1	5	6
2079	1	1	5	7
2080	1	1	5	8
2081	1	1	5	9
2082	1	1	5	10
2083	1	1	5	11
2084	1	1	5	12
2085	1	1	5	13
2086	1	1	5	14
2087	1	1	6	1
2088	1	1	6	2
2089	1	1	6	3
2090	1	1	6	4
2091	1	1	6	5
2092	1	1	6	6
2093	1	1	6	7
2094	1	1	6	8
2095	1	1	6	9
2096	1	1	6	10
2097	1	1	6	11
2098	1	1	6	12
2099	1	1	6	13
2100	1	1	6	14
2101	1	1	7	1
2102	1	1	7	2
2103	1	1	7	3
2104	1	1	7	4
2105	1	1	7	5
2106	1	1	7	6
2107	1	1	7	7
2108	1	1	7	8
2109	1	1	7	9
2110	1	1	7	10
2111	1	1	7	11
2112	1	1	7	12
2113	1	1	7	13
2114	1	1	7	14
2115	1	1	8	1
2116	1	1	8	2
2117	1	1	8	3
2118	1	1	8	4
2119	1	1	8	5
2120	1	1	8	6
2121	1	1	8	7
2122	1	1	8	8
2123	1	1	8	9
2124	1	1	8	10
2125	1	1	8	11
2126	1	1	8	12
2127	1	1	8	13
2128	1	1	8	14
2129	1	1	9	1
2130	1	1	9	2
2131	1	1	9	3
2132	1	1	9	4
2133	1	1	9	5
2134	1	1	9	6
2135	1	1	9	7
2136	1	1	9	8
2137	1	1	9	9
2138	1	1	9	10
2139	1	1	9	11
2140	1	1	9	12
2141	1	1	9	13
2142	1	1	9	14
2143	1	2	1	1
2144	1	2	1	2
2145	1	2	1	3
2146	1	2	1	4
2147	1	2	1	5
2148	1	2	1	6
2149	1	2	1	7
2150	1	2	1	8
2151	1	2	1	9
2152	1	2	1	10
2153	1	2	1	11
2154	1	2	1	12
2155	1	2	1	13
2156	1	2	1	14
2157	1	2	2	1
2158	1	2	2	2
2159	1	2	2	3
2160	1	2	2	4
2161	1	2	2	5
2162	1	2	2	6
2163	1	2	2	7
2164	1	2	2	8
2165	1	2	2	9
2166	1	2	2	10
2167	1	2	2	11
2168	1	2	2	12
2169	1	2	2	13
2170	1	2	2	14
2171	1	2	3	1
2172	1	2	3	2
2173	1	2	3	3
2174	1	2	3	4
2175	1	2	3	5
2176	1	2	3	6
2177	1	2	3	7
2178	1	2	3	8
2179	1	2	3	9
2180	1	2	3	10
2181	1	2	3	11
2182	1	2	3	12
2183	1	2	3	13
2184	1	2	3	14
2185	1	2	4	1
2186	1	2	4	2
2187	1	2	4	3
2188	1	2	4	4
2189	1	2	4	5
2190	1	2	4	6
2191	1	2	4	7
2192	1	2	4	8
2193	1	2	4	9
2194	1	2	4	10
2195	1	2	4	11
2196	1	2	4	12
2197	1	2	4	13
2198	1	2	4	14
2199	1	2	5	1
2200	1	2	5	2
2201	1	2	5	3
2202	1	2	5	4
2203	1	2	5	5
2204	1	2	5	6
2205	1	2	5	7
2206	1	2	5	8
2207	1	2	5	9
2208	1	2	5	10
2209	1	2	5	11
2210	1	2	5	12
2211	1	2	5	13
2212	1	2	5	14
2213	1	2	6	1
2214	1	2	6	2
2215	1	2	6	3
2216	1	2	6	4
2217	1	2	6	5
2218	1	2	6	6
2219	1	2	6	7
2220	1	2	6	8
2221	1	2	6	9
2222	1	2	6	10
2223	1	2	6	11
2224	1	2	6	12
2225	1	2	6	13
2226	1	2	6	14
2227	1	2	7	1
2228	1	2	7	2
2229	1	2	7	3
2230	1	2	7	4
2231	1	2	7	5
2232	1	2	7	6
2233	1	2	7	7
2234	1	2	7	8
2235	1	2	7	9
2236	1	2	7	10
2237	1	2	7	11
2238	1	2	7	12
2239	1	2	7	13
2240	1	2	7	14
2241	1	2	8	1
2242	1	2	8	2
2243	1	2	8	3
2244	1	2	8	4
2245	1	2	8	5
2246	1	2	8	6
2247	1	2	8	7
2248	1	2	8	8
2249	1	2	8	9
2250	1	2	8	10
2251	1	2	8	11
2252	1	2	8	12
2253	1	2	8	13
2254	1	2	8	14
2255	1	2	9	1
2256	1	2	9	2
2257	1	2	9	3
2258	1	2	9	4
2259	1	2	9	5
2260	1	2	9	6
2261	1	2	9	7
2262	1	2	9	8
2263	1	2	9	9
2264	1	2	9	10
2265	1	2	9	11
2266	1	2	9	12
2267	1	2	9	13
2268	1	2	9	14
2269	1	3	1	1
2270	1	3	1	2
2271	1	3	1	3
2272	1	3	1	4
2273	1	3	1	5
2274	1	3	1	6
2275	1	3	1	7
2276	1	3	1	8
2277	1	3	1	9
2278	1	3	1	10
2279	1	3	1	11
2280	1	3	1	12
2281	1	3	1	13
2282	1	3	1	14
2283	1	3	2	1
2284	1	3	2	2
2285	1	3	2	3
2286	1	3	2	4
2287	1	3	2	5
2288	1	3	2	6
2289	1	3	2	7
2290	1	3	2	8
2291	1	3	2	9
2292	1	3	2	10
2293	1	3	2	11
2294	1	3	2	12
2295	1	3	2	13
2296	1	3	2	14
2297	1	3	3	1
2298	1	3	3	2
2299	1	3	3	3
2300	1	3	3	4
2301	1	3	3	5
2302	1	3	3	6
2303	1	3	3	7
2304	1	3	3	8
2305	1	3	3	9
2306	1	3	3	10
2307	1	3	3	11
2308	1	3	3	12
2309	1	3	3	13
2310	1	3	3	14
2311	1	3	4	1
2312	1	3	4	2
2313	1	3	4	3
2314	1	3	4	4
2315	1	3	4	5
2316	1	3	4	6
2317	1	3	4	7
2318	1	3	4	8
2319	1	3	4	9
2320	1	3	4	10
2321	1	3	4	11
2322	1	3	4	12
2323	1	3	4	13
2324	1	3	4	14
2325	1	3	5	1
2326	1	3	5	2
2327	1	3	5	3
2328	1	3	5	4
2329	1	3	5	5
2330	1	3	5	6
2331	1	3	5	7
2332	1	3	5	8
2333	1	3	5	9
2334	1	3	5	10
2335	1	3	5	11
2336	1	3	5	12
2337	1	3	5	13
2338	1	3	5	14
2339	1	3	6	1
2340	1	3	6	2
2341	1	3	6	3
2342	1	3	6	4
2343	1	3	6	5
2344	1	3	6	6
2345	1	3	6	7
2346	1	3	6	8
2347	1	3	6	9
2348	1	3	6	10
2349	1	3	6	11
2350	1	3	6	12
2351	1	3	6	13
2352	1	3	6	14
2353	1	3	7	1
2354	1	3	7	2
2355	1	3	7	3
2356	1	3	7	4
2357	1	3	7	5
2358	1	3	7	6
2359	1	3	7	7
2360	1	3	7	8
2361	1	3	7	9
2362	1	3	7	10
2363	1	3	7	11
2364	1	3	7	12
2365	1	3	7	13
2366	1	3	7	14
2367	1	3	8	1
2368	1	3	8	2
2369	1	3	8	3
2370	1	3	8	4
2371	1	3	8	5
2372	1	3	8	6
2373	1	3	8	7
2374	1	3	8	8
2375	1	3	8	9
2376	1	3	8	10
2377	1	3	8	11
2378	1	3	8	12
2379	1	3	8	13
2380	1	3	8	14
2381	1	3	9	1
2382	1	3	9	2
2383	1	3	9	3
2384	1	3	9	4
2385	1	3	9	5
2386	1	3	9	6
2387	1	3	9	7
2388	1	3	9	8
2389	1	3	9	9
2390	1	3	9	10
2391	1	3	9	11
2392	1	3	9	12
2393	1	3	9	13
2394	1	3	9	14
2395	1	4	1	1
2396	1	4	1	2
2397	1	4	1	3
2398	1	4	1	4
2399	1	4	1	5
2400	1	4	1	6
2401	1	4	1	7
2402	1	4	1	8
2403	1	4	1	9
2404	1	4	1	10
2405	1	4	1	11
2406	1	4	1	12
2407	1	4	1	13
2408	1	4	1	14
2409	1	4	2	1
2410	1	4	2	2
2411	1	4	2	3
2412	1	4	2	4
2413	1	4	2	5
2414	1	4	2	6
2415	1	4	2	7
2416	1	4	2	8
2417	1	4	2	9
2418	1	4	2	10
2419	1	4	2	11
2420	1	4	2	12
2421	1	4	2	13
2422	1	4	2	14
2423	1	4	3	1
2424	1	4	3	2
2425	1	4	3	3
2426	1	4	3	4
2427	1	4	3	5
2428	1	4	3	6
2429	1	4	3	7
2430	1	4	3	8
2431	1	4	3	9
2432	1	4	3	10
2433	1	4	3	11
2434	1	4	3	12
2435	1	4	3	13
2436	1	4	3	14
2437	1	4	4	1
2438	1	4	4	2
2439	1	4	4	3
2440	1	4	4	4
2441	1	4	4	5
2442	1	4	4	6
2443	1	4	4	7
2444	1	4	4	8
2445	1	4	4	9
2446	1	4	4	10
2447	1	4	4	11
2448	1	4	4	12
2449	1	4	4	13
2450	1	4	4	14
2451	1	4	5	1
2452	1	4	5	2
2453	1	4	5	3
2454	1	4	5	4
2455	1	4	5	5
2456	1	4	5	6
2457	1	4	5	7
2458	1	4	5	8
2459	1	4	5	9
2460	1	4	5	10
2461	1	4	5	11
2462	1	4	5	12
2463	1	4	5	13
2464	1	4	5	14
2465	1	4	6	1
2466	1	4	6	2
2467	1	4	6	3
2468	1	4	6	4
2469	1	4	6	5
2470	1	4	6	6
2471	1	4	6	7
2472	1	4	6	8
2473	1	4	6	9
2474	1	4	6	10
2475	1	4	6	11
2476	1	4	6	12
2477	1	4	6	13
2478	1	4	6	14
2479	1	4	7	1
2480	1	4	7	2
2481	1	4	7	3
2482	1	4	7	4
2483	1	4	7	5
2484	1	4	7	6
2485	1	4	7	7
2486	1	4	7	8
2487	1	4	7	9
2488	1	4	7	10
2489	1	4	7	11
2490	1	4	7	12
2491	1	4	7	13
2492	1	4	7	14
2493	1	4	8	1
2494	1	4	8	2
2495	1	4	8	3
2496	1	4	8	4
2497	1	4	8	5
2498	1	4	8	6
2499	1	4	8	7
2500	1	4	8	8
2501	1	4	8	9
2502	1	4	8	10
2503	1	4	8	11
2504	1	4	8	12
2505	1	4	8	13
2506	1	4	8	14
2507	1	4	9	1
2508	1	4	9	2
2509	1	4	9	3
2510	1	4	9	4
2511	1	4	9	5
2512	1	4	9	6
2513	1	4	9	7
2514	1	4	9	8
2515	1	4	9	9
2516	1	4	9	10
2517	1	4	9	11
2518	1	4	9	12
2519	1	4	9	13
2520	1	4	9	14
2521	2	1	1	1
2522	2	1	1	2
2523	2	1	1	3
2524	2	1	1	4
2525	2	1	1	5
2526	2	1	1	6
2527	2	1	1	7
2528	2	1	1	8
2529	2	1	1	9
2530	2	1	1	10
2531	2	1	1	11
2532	2	1	1	12
2533	2	1	1	13
2534	2	1	1	14
2535	2	1	2	1
2536	2	1	2	2
2537	2	1	2	3
2538	2	1	2	4
2539	2	1	2	5
2540	2	1	2	6
2541	2	1	2	7
2542	2	1	2	8
2543	2	1	2	9
2544	2	1	2	10
2545	2	1	2	11
2546	2	1	2	12
2547	2	1	2	13
2548	2	1	2	14
2549	2	1	3	1
2550	2	1	3	2
2551	2	1	3	3
2552	2	1	3	4
2553	2	1	3	5
2554	2	1	3	6
2555	2	1	3	7
2556	2	1	3	8
2557	2	1	3	9
2558	2	1	3	10
2559	2	1	3	11
2560	2	1	3	12
2561	2	1	3	13
2562	2	1	3	14
2563	2	1	4	1
2564	2	1	4	2
2565	2	1	4	3
2566	2	1	4	4
2567	2	1	4	5
2568	2	1	4	6
2569	2	1	4	7
2570	2	1	4	8
2571	2	1	4	9
2572	2	1	4	10
2573	2	1	4	11
2574	2	1	4	12
2575	2	1	4	13
2576	2	1	4	14
2577	2	1	5	1
2578	2	1	5	2
2579	2	1	5	3
2580	2	1	5	4
2581	2	1	5	5
2582	2	1	5	6
2583	2	1	5	7
2584	2	1	5	8
2585	2	1	5	9
2586	2	1	5	10
2587	2	1	5	11
2588	2	1	5	12
2589	2	1	5	13
2590	2	1	5	14
2591	2	1	6	1
2592	2	1	6	2
2593	2	1	6	3
2594	2	1	6	4
2595	2	1	6	5
2596	2	1	6	6
2597	2	1	6	7
2598	2	1	6	8
2599	2	1	6	9
2600	2	1	6	10
2601	2	1	6	11
2602	2	1	6	12
2603	2	1	6	13
2604	2	1	6	14
2605	2	1	7	1
2606	2	1	7	2
2607	2	1	7	3
2608	2	1	7	4
2609	2	1	7	5
2610	2	1	7	6
2611	2	1	7	7
2612	2	1	7	8
2613	2	1	7	9
2614	2	1	7	10
2615	2	1	7	11
2616	2	1	7	12
2617	2	1	7	13
2618	2	1	7	14
2619	2	1	8	1
2620	2	1	8	2
2621	2	1	8	3
2622	2	1	8	4
2623	2	1	8	5
2624	2	1	8	6
2625	2	1	8	7
2626	2	1	8	8
2627	2	1	8	9
2628	2	1	8	10
2629	2	1	8	11
2630	2	1	8	12
2631	2	1	8	13
2632	2	1	8	14
2633	2	1	9	1
2634	2	1	9	2
2635	2	1	9	3
2636	2	1	9	4
2637	2	1	9	5
2638	2	1	9	6
2639	2	1	9	7
2640	2	1	9	8
2641	2	1	9	9
2642	2	1	9	10
2643	2	1	9	11
2644	2	1	9	12
2645	2	1	9	13
2646	2	1	9	14
2647	2	2	1	1
2648	2	2	1	2
2649	2	2	1	3
2650	2	2	1	4
2651	2	2	1	5
2652	2	2	1	6
2653	2	2	1	7
2654	2	2	1	8
2655	2	2	1	9
2656	2	2	1	10
2657	2	2	1	11
2658	2	2	1	12
2659	2	2	1	13
2660	2	2	1	14
2661	2	2	2	1
2662	2	2	2	2
2663	2	2	2	3
2664	2	2	2	4
2665	2	2	2	5
2666	2	2	2	6
2667	2	2	2	7
2668	2	2	2	8
2669	2	2	2	9
2670	2	2	2	10
2671	2	2	2	11
2672	2	2	2	12
2673	2	2	2	13
2674	2	2	2	14
2675	2	2	3	1
2676	2	2	3	2
2677	2	2	3	3
2678	2	2	3	4
2679	2	2	3	5
2680	2	2	3	6
2681	2	2	3	7
2682	2	2	3	8
2683	2	2	3	9
2684	2	2	3	10
2685	2	2	3	11
2686	2	2	3	12
2687	2	2	3	13
2688	2	2	3	14
2689	2	2	4	1
2690	2	2	4	2
2691	2	2	4	3
2692	2	2	4	4
2693	2	2	4	5
2694	2	2	4	6
2695	2	2	4	7
2696	2	2	4	8
2697	2	2	4	9
2698	2	2	4	10
2699	2	2	4	11
2700	2	2	4	12
2701	2	2	4	13
2702	2	2	4	14
2703	2	2	5	1
2704	2	2	5	2
2705	2	2	5	3
2706	2	2	5	4
2707	2	2	5	5
2708	2	2	5	6
2709	2	2	5	7
2710	2	2	5	8
2711	2	2	5	9
2712	2	2	5	10
2713	2	2	5	11
2714	2	2	5	12
2715	2	2	5	13
2716	2	2	5	14
2717	2	2	6	1
2718	2	2	6	2
2719	2	2	6	3
2720	2	2	6	4
2721	2	2	6	5
2722	2	2	6	6
2723	2	2	6	7
2724	2	2	6	8
2725	2	2	6	9
2726	2	2	6	10
2727	2	2	6	11
2728	2	2	6	12
2729	2	2	6	13
2730	2	2	6	14
2731	2	2	7	1
2732	2	2	7	2
2733	2	2	7	3
2734	2	2	7	4
2735	2	2	7	5
2736	2	2	7	6
2737	2	2	7	7
2738	2	2	7	8
2739	2	2	7	9
2740	2	2	7	10
2741	2	2	7	11
2742	2	2	7	12
2743	2	2	7	13
2744	2	2	7	14
2745	2	2	8	1
2746	2	2	8	2
2747	2	2	8	3
2748	2	2	8	4
2749	2	2	8	5
2750	2	2	8	6
2751	2	2	8	7
2752	2	2	8	8
2753	2	2	8	9
2754	2	2	8	10
2755	2	2	8	11
2756	2	2	8	12
2757	2	2	8	13
2758	2	2	8	14
2759	2	2	9	1
2760	2	2	9	2
2761	2	2	9	3
2762	2	2	9	4
2763	2	2	9	5
2764	2	2	9	6
2765	2	2	9	7
2766	2	2	9	8
2767	2	2	9	9
2768	2	2	9	10
2769	2	2	9	11
2770	2	2	9	12
2771	2	2	9	13
2772	2	2	9	14
2773	2	3	1	1
2774	2	3	1	2
2775	2	3	1	3
2776	2	3	1	4
2777	2	3	1	5
2778	2	3	1	6
2779	2	3	1	7
2780	2	3	1	8
2781	2	3	1	9
2782	2	3	1	10
2783	2	3	1	11
2784	2	3	1	12
2785	2	3	1	13
2786	2	3	1	14
2787	2	3	2	1
2788	2	3	2	2
2789	2	3	2	3
2790	2	3	2	4
2791	2	3	2	5
2792	2	3	2	6
2793	2	3	2	7
2794	2	3	2	8
2795	2	3	2	9
2796	2	3	2	10
2797	2	3	2	11
2798	2	3	2	12
2799	2	3	2	13
2800	2	3	2	14
2801	2	3	3	1
2802	2	3	3	2
2803	2	3	3	3
2804	2	3	3	4
2805	2	3	3	5
2806	2	3	3	6
2807	2	3	3	7
2808	2	3	3	8
2809	2	3	3	9
2810	2	3	3	10
2811	2	3	3	11
2812	2	3	3	12
2813	2	3	3	13
2814	2	3	3	14
2815	2	3	4	1
2816	2	3	4	2
2817	2	3	4	3
2818	2	3	4	4
2819	2	3	4	5
2820	2	3	4	6
2821	2	3	4	7
2822	2	3	4	8
2823	2	3	4	9
2824	2	3	4	10
2825	2	3	4	11
2826	2	3	4	12
2827	2	3	4	13
2828	2	3	4	14
2829	2	3	5	1
2830	2	3	5	2
2831	2	3	5	3
2832	2	3	5	4
2833	2	3	5	5
2834	2	3	5	6
2835	2	3	5	7
2836	2	3	5	8
2837	2	3	5	9
2838	2	3	5	10
2839	2	3	5	11
2840	2	3	5	12
2841	2	3	5	13
2842	2	3	5	14
2843	2	3	6	1
2844	2	3	6	2
2845	2	3	6	3
2846	2	3	6	4
2847	2	3	6	5
2848	2	3	6	6
2849	2	3	6	7
2850	2	3	6	8
2851	2	3	6	9
2852	2	3	6	10
2853	2	3	6	11
2854	2	3	6	12
2855	2	3	6	13
2856	2	3	6	14
2857	2	3	7	1
2858	2	3	7	2
2859	2	3	7	3
2860	2	3	7	4
2861	2	3	7	5
2862	2	3	7	6
2863	2	3	7	7
2864	2	3	7	8
2865	2	3	7	9
2866	2	3	7	10
2867	2	3	7	11
2868	2	3	7	12
2869	2	3	7	13
2870	2	3	7	14
2871	2	3	8	1
2872	2	3	8	2
2873	2	3	8	3
2874	2	3	8	4
2875	2	3	8	5
2876	2	3	8	6
2877	2	3	8	7
2878	2	3	8	8
2879	2	3	8	9
2880	2	3	8	10
2881	2	3	8	11
2882	2	3	8	12
2883	2	3	8	13
2884	2	3	8	14
2885	2	3	9	1
2886	2	3	9	2
2887	2	3	9	3
2888	2	3	9	4
2889	2	3	9	5
2890	2	3	9	6
2891	2	3	9	7
2892	2	3	9	8
2893	2	3	9	9
2894	2	3	9	10
2895	2	3	9	11
2896	2	3	9	12
2897	2	3	9	13
2898	2	3	9	14
2899	2	4	1	1
2900	2	4	1	2
2901	2	4	1	3
2902	2	4	1	4
2903	2	4	1	5
2904	2	4	1	6
2905	2	4	1	7
2906	2	4	1	8
2907	2	4	1	9
2908	2	4	1	10
2909	2	4	1	11
2910	2	4	1	12
2911	2	4	1	13
2912	2	4	1	14
2913	2	4	2	1
2914	2	4	2	2
2915	2	4	2	3
2916	2	4	2	4
2917	2	4	2	5
2918	2	4	2	6
2919	2	4	2	7
2920	2	4	2	8
2921	2	4	2	9
2922	2	4	2	10
2923	2	4	2	11
2924	2	4	2	12
2925	2	4	2	13
2926	2	4	2	14
2927	2	4	3	1
2928	2	4	3	2
2929	2	4	3	3
2930	2	4	3	4
2931	2	4	3	5
2932	2	4	3	6
2933	2	4	3	7
2934	2	4	3	8
2935	2	4	3	9
2936	2	4	3	10
2937	2	4	3	11
2938	2	4	3	12
2939	2	4	3	13
2940	2	4	3	14
2941	2	4	4	1
2942	2	4	4	2
2943	2	4	4	3
2944	2	4	4	4
2945	2	4	4	5
2946	2	4	4	6
2947	2	4	4	7
2948	2	4	4	8
2949	2	4	4	9
2950	2	4	4	10
2951	2	4	4	11
2952	2	4	4	12
2953	2	4	4	13
2954	2	4	4	14
2955	2	4	5	1
2956	2	4	5	2
2957	2	4	5	3
2958	2	4	5	4
2959	2	4	5	5
2960	2	4	5	6
2961	2	4	5	7
2962	2	4	5	8
2963	2	4	5	9
2964	2	4	5	10
2965	2	4	5	11
2966	2	4	5	12
2967	2	4	5	13
2968	2	4	5	14
2969	2	4	6	1
2970	2	4	6	2
2971	2	4	6	3
2972	2	4	6	4
2973	2	4	6	5
2974	2	4	6	6
2975	2	4	6	7
2976	2	4	6	8
2977	2	4	6	9
2978	2	4	6	10
2979	2	4	6	11
2980	2	4	6	12
2981	2	4	6	13
2982	2	4	6	14
2983	2	4	7	1
2984	2	4	7	2
2985	2	4	7	3
2986	2	4	7	4
2987	2	4	7	5
2988	2	4	7	6
2989	2	4	7	7
2990	2	4	7	8
2991	2	4	7	9
2992	2	4	7	10
2993	2	4	7	11
2994	2	4	7	12
2995	2	4	7	13
2996	2	4	7	14
2997	2	4	8	1
2998	2	4	8	2
2999	2	4	8	3
3000	2	4	8	4
3001	2	4	8	5
3002	2	4	8	6
3003	2	4	8	7
3004	2	4	8	8
3005	2	4	8	9
3006	2	4	8	10
3007	2	4	8	11
3008	2	4	8	12
3009	2	4	8	13
3010	2	4	8	14
3011	2	4	9	1
3012	2	4	9	2
3013	2	4	9	3
3014	2	4	9	4
3015	2	4	9	5
3016	2	4	9	6
3017	2	4	9	7
3018	2	4	9	8
3019	2	4	9	9
3020	2	4	9	10
3021	2	4	9	11
3022	2	4	9	12
3023	2	4	9	13
3024	2	4	9	14
3025	3	1	1	1
3026	3	1	1	2
3027	3	1	1	3
3028	3	1	1	4
3029	3	1	1	5
3030	3	1	1	6
3031	3	1	1	7
3032	3	1	1	8
3033	3	1	1	9
3034	3	1	1	10
3035	3	1	1	11
3036	3	1	1	12
3037	3	1	1	13
3038	3	1	1	14
3039	3	1	2	1
3040	3	1	2	2
3041	3	1	2	3
3042	3	1	2	4
3043	3	1	2	5
3044	3	1	2	6
3045	3	1	2	7
3046	3	1	2	8
3047	3	1	2	9
3048	3	1	2	10
3049	3	1	2	11
3050	3	1	2	12
3051	3	1	2	13
3052	3	1	2	14
3053	3	1	3	1
3054	3	1	3	2
3055	3	1	3	3
3056	3	1	3	4
3057	3	1	3	5
3058	3	1	3	6
3059	3	1	3	7
3060	3	1	3	8
3061	3	1	3	9
3062	3	1	3	10
3063	3	1	3	11
3064	3	1	3	12
3065	3	1	3	13
3066	3	1	3	14
3067	3	1	4	1
3068	3	1	4	2
3069	3	1	4	3
3070	3	1	4	4
3071	3	1	4	5
3072	3	1	4	6
3073	3	1	4	7
3074	3	1	4	8
3075	3	1	4	9
3076	3	1	4	10
3077	3	1	4	11
3078	3	1	4	12
3079	3	1	4	13
3080	3	1	4	14
3081	3	1	5	1
3082	3	1	5	2
3083	3	1	5	3
3084	3	1	5	4
3085	3	1	5	5
3086	3	1	5	6
3087	3	1	5	7
3088	3	1	5	8
3089	3	1	5	9
3090	3	1	5	10
3091	3	1	5	11
3092	3	1	5	12
3093	3	1	5	13
3094	3	1	5	14
3095	3	1	6	1
3096	3	1	6	2
3097	3	1	6	3
3098	3	1	6	4
3099	3	1	6	5
3100	3	1	6	6
3101	3	1	6	7
3102	3	1	6	8
3103	3	1	6	9
3104	3	1	6	10
3105	3	1	6	11
3106	3	1	6	12
3107	3	1	6	13
3108	3	1	6	14
3109	3	1	7	1
3110	3	1	7	2
3111	3	1	7	3
3112	3	1	7	4
3113	3	1	7	5
3114	3	1	7	6
3115	3	1	7	7
3116	3	1	7	8
3117	3	1	7	9
3118	3	1	7	10
3119	3	1	7	11
3120	3	1	7	12
3121	3	1	7	13
3122	3	1	7	14
3123	3	1	8	1
3124	3	1	8	2
3125	3	1	8	3
3126	3	1	8	4
3127	3	1	8	5
3128	3	1	8	6
3129	3	1	8	7
3130	3	1	8	8
3131	3	1	8	9
3132	3	1	8	10
3133	3	1	8	11
3134	3	1	8	12
3135	3	1	8	13
3136	3	1	8	14
3137	3	1	9	1
3138	3	1	9	2
3139	3	1	9	3
3140	3	1	9	4
3141	3	1	9	5
3142	3	1	9	6
3143	3	1	9	7
3144	3	1	9	8
3145	3	1	9	9
3146	3	1	9	10
3147	3	1	9	11
3148	3	1	9	12
3149	3	1	9	13
3150	3	1	9	14
3151	3	2	1	1
3152	3	2	1	2
3153	3	2	1	3
3154	3	2	1	4
3155	3	2	1	5
3156	3	2	1	6
3157	3	2	1	7
3158	3	2	1	8
3159	3	2	1	9
3160	3	2	1	10
3161	3	2	1	11
3162	3	2	1	12
3163	3	2	1	13
3164	3	2	1	14
3165	3	2	2	1
3166	3	2	2	2
3167	3	2	2	3
3168	3	2	2	4
3169	3	2	2	5
3170	3	2	2	6
3171	3	2	2	7
3172	3	2	2	8
3173	3	2	2	9
3174	3	2	2	10
3175	3	2	2	11
3176	3	2	2	12
3177	3	2	2	13
3178	3	2	2	14
3179	3	2	3	1
3180	3	2	3	2
3181	3	2	3	3
3182	3	2	3	4
3183	3	2	3	5
3184	3	2	3	6
3185	3	2	3	7
3186	3	2	3	8
3187	3	2	3	9
3188	3	2	3	10
3189	3	2	3	11
3190	3	2	3	12
3191	3	2	3	13
3192	3	2	3	14
3193	3	2	4	1
3194	3	2	4	2
3195	3	2	4	3
3196	3	2	4	4
3197	3	2	4	5
3198	3	2	4	6
3199	3	2	4	7
3200	3	2	4	8
3201	3	2	4	9
3202	3	2	4	10
3203	3	2	4	11
3204	3	2	4	12
3205	3	2	4	13
3206	3	2	4	14
3207	3	2	5	1
3208	3	2	5	2
3209	3	2	5	3
3210	3	2	5	4
3211	3	2	5	5
3212	3	2	5	6
3213	3	2	5	7
3214	3	2	5	8
3215	3	2	5	9
3216	3	2	5	10
3217	3	2	5	11
3218	3	2	5	12
3219	3	2	5	13
3220	3	2	5	14
3221	3	2	6	1
3222	3	2	6	2
3223	3	2	6	3
3224	3	2	6	4
3225	3	2	6	5
3226	3	2	6	6
3227	3	2	6	7
3228	3	2	6	8
3229	3	2	6	9
3230	3	2	6	10
3231	3	2	6	11
3232	3	2	6	12
3233	3	2	6	13
3234	3	2	6	14
3235	3	2	7	1
3236	3	2	7	2
3237	3	2	7	3
3238	3	2	7	4
3239	3	2	7	5
3240	3	2	7	6
3241	3	2	7	7
3242	3	2	7	8
3243	3	2	7	9
3244	3	2	7	10
3245	3	2	7	11
3246	3	2	7	12
3247	3	2	7	13
3248	3	2	7	14
3249	3	2	8	1
3250	3	2	8	2
3251	3	2	8	3
3252	3	2	8	4
3253	3	2	8	5
3254	3	2	8	6
3255	3	2	8	7
3256	3	2	8	8
3257	3	2	8	9
3258	3	2	8	10
3259	3	2	8	11
3260	3	2	8	12
3261	3	2	8	13
3262	3	2	8	14
3263	3	2	9	1
3264	3	2	9	2
3265	3	2	9	3
3266	3	2	9	4
3267	3	2	9	5
3268	3	2	9	6
3269	3	2	9	7
3270	3	2	9	8
3271	3	2	9	9
3272	3	2	9	10
3273	3	2	9	11
3274	3	2	9	12
3275	3	2	9	13
3276	3	2	9	14
3277	3	3	1	1
3278	3	3	1	2
3279	3	3	1	3
3280	3	3	1	4
3281	3	3	1	5
3282	3	3	1	6
3283	3	3	1	7
3284	3	3	1	8
3285	3	3	1	9
3286	3	3	1	10
3287	3	3	1	11
3288	3	3	1	12
3289	3	3	1	13
3290	3	3	1	14
3291	3	3	2	1
3292	3	3	2	2
3293	3	3	2	3
3294	3	3	2	4
3295	3	3	2	5
3296	3	3	2	6
3297	3	3	2	7
3298	3	3	2	8
3299	3	3	2	9
3300	3	3	2	10
3301	3	3	2	11
3302	3	3	2	12
3303	3	3	2	13
3304	3	3	2	14
3305	3	3	3	1
3306	3	3	3	2
3307	3	3	3	3
3308	3	3	3	4
3309	3	3	3	5
3310	3	3	3	6
3311	3	3	3	7
3312	3	3	3	8
3313	3	3	3	9
3314	3	3	3	10
3315	3	3	3	11
3316	3	3	3	12
3317	3	3	3	13
3318	3	3	3	14
3319	3	3	4	1
3320	3	3	4	2
3321	3	3	4	3
3322	3	3	4	4
3323	3	3	4	5
3324	3	3	4	6
3325	3	3	4	7
3326	3	3	4	8
3327	3	3	4	9
3328	3	3	4	10
3329	3	3	4	11
3330	3	3	4	12
3331	3	3	4	13
3332	3	3	4	14
3333	3	3	5	1
3334	3	3	5	2
3335	3	3	5	3
3336	3	3	5	4
3337	3	3	5	5
3338	3	3	5	6
3339	3	3	5	7
3340	3	3	5	8
3341	3	3	5	9
3342	3	3	5	10
3343	3	3	5	11
3344	3	3	5	12
3345	3	3	5	13
3346	3	3	5	14
3347	3	3	6	1
3348	3	3	6	2
3349	3	3	6	3
3350	3	3	6	4
3351	3	3	6	5
3352	3	3	6	6
3353	3	3	6	7
3354	3	3	6	8
3355	3	3	6	9
3356	3	3	6	10
3357	3	3	6	11
3358	3	3	6	12
3359	3	3	6	13
3360	3	3	6	14
3361	3	3	7	1
3362	3	3	7	2
3363	3	3	7	3
3364	3	3	7	4
3365	3	3	7	5
3366	3	3	7	6
3367	3	3	7	7
3368	3	3	7	8
3369	3	3	7	9
3370	3	3	7	10
3371	3	3	7	11
3372	3	3	7	12
3373	3	3	7	13
3374	3	3	7	14
3375	3	3	8	1
3376	3	3	8	2
3377	3	3	8	3
3378	3	3	8	4
3379	3	3	8	5
3380	3	3	8	6
3381	3	3	8	7
3382	3	3	8	8
3383	3	3	8	9
3384	3	3	8	10
3385	3	3	8	11
3386	3	3	8	12
3387	3	3	8	13
3388	3	3	8	14
3389	3	3	9	1
3390	3	3	9	2
3391	3	3	9	3
3392	3	3	9	4
3393	3	3	9	5
3394	3	3	9	6
3395	3	3	9	7
3396	3	3	9	8
3397	3	3	9	9
3398	3	3	9	10
3399	3	3	9	11
3400	3	3	9	12
3401	3	3	9	13
3402	3	3	9	14
3403	3	4	1	1
3404	3	4	1	2
3405	3	4	1	3
3406	3	4	1	4
3407	3	4	1	5
3408	3	4	1	6
3409	3	4	1	7
3410	3	4	1	8
3411	3	4	1	9
3412	3	4	1	10
3413	3	4	1	11
3414	3	4	1	12
3415	3	4	1	13
3416	3	4	1	14
3417	3	4	2	1
3418	3	4	2	2
3419	3	4	2	3
3420	3	4	2	4
3421	3	4	2	5
3422	3	4	2	6
3423	3	4	2	7
3424	3	4	2	8
3425	3	4	2	9
3426	3	4	2	10
3427	3	4	2	11
3428	3	4	2	12
3429	3	4	2	13
3430	3	4	2	14
3431	3	4	3	1
3432	3	4	3	2
3433	3	4	3	3
3434	3	4	3	4
3435	3	4	3	5
3436	3	4	3	6
3437	3	4	3	7
3438	3	4	3	8
3439	3	4	3	9
3440	3	4	3	10
3441	3	4	3	11
3442	3	4	3	12
3443	3	4	3	13
3444	3	4	3	14
3445	3	4	4	1
3446	3	4	4	2
3447	3	4	4	3
3448	3	4	4	4
3449	3	4	4	5
3450	3	4	4	6
3451	3	4	4	7
3452	3	4	4	8
3453	3	4	4	9
3454	3	4	4	10
3455	3	4	4	11
3456	3	4	4	12
3457	3	4	4	13
3458	3	4	4	14
3459	3	4	5	1
3460	3	4	5	2
3461	3	4	5	3
3462	3	4	5	4
3463	3	4	5	5
3464	3	4	5	6
3465	3	4	5	7
3466	3	4	5	8
3467	3	4	5	9
3468	3	4	5	10
3469	3	4	5	11
3470	3	4	5	12
3471	3	4	5	13
3472	3	4	5	14
3473	3	4	6	1
3474	3	4	6	2
3475	3	4	6	3
3476	3	4	6	4
3477	3	4	6	5
3478	3	4	6	6
3479	3	4	6	7
3480	3	4	6	8
3481	3	4	6	9
3482	3	4	6	10
3483	3	4	6	11
3484	3	4	6	12
3485	3	4	6	13
3486	3	4	6	14
3487	3	4	7	1
3488	3	4	7	2
3489	3	4	7	3
3490	3	4	7	4
3491	3	4	7	5
3492	3	4	7	6
3493	3	4	7	7
3494	3	4	7	8
3495	3	4	7	9
3496	3	4	7	10
3497	3	4	7	11
3498	3	4	7	12
3499	3	4	7	13
3500	3	4	7	14
3501	3	4	8	1
3502	3	4	8	2
3503	3	4	8	3
3504	3	4	8	4
3505	3	4	8	5
3506	3	4	8	6
3507	3	4	8	7
3508	3	4	8	8
3509	3	4	8	9
3510	3	4	8	10
3511	3	4	8	11
3512	3	4	8	12
3513	3	4	8	13
3514	3	4	8	14
3515	3	4	9	1
3516	3	4	9	2
3517	3	4	9	3
3518	3	4	9	4
3519	3	4	9	5
3520	3	4	9	6
3521	3	4	9	7
3522	3	4	9	8
3523	3	4	9	9
3524	3	4	9	10
3525	3	4	9	11
3526	3	4	9	12
3527	3	4	9	13
3528	3	4	9	14
3529	4	1	1	1
3530	4	1	1	2
3531	4	1	1	3
3532	4	1	1	4
3533	4	1	1	5
3534	4	1	1	6
3535	4	1	1	7
3536	4	1	1	8
3537	4	1	1	9
3538	4	1	1	10
3539	4	1	1	11
3540	4	1	1	12
3541	4	1	1	13
3542	4	1	1	14
3543	4	1	2	1
3544	4	1	2	2
3545	4	1	2	3
3546	4	1	2	4
3547	4	1	2	5
3548	4	1	2	6
3549	4	1	2	7
3550	4	1	2	8
3551	4	1	2	9
3552	4	1	2	10
3553	4	1	2	11
3554	4	1	2	12
3555	4	1	2	13
3556	4	1	2	14
3557	4	1	3	1
3558	4	1	3	2
3559	4	1	3	3
3560	4	1	3	4
3561	4	1	3	5
3562	4	1	3	6
3563	4	1	3	7
3564	4	1	3	8
3565	4	1	3	9
3566	4	1	3	10
3567	4	1	3	11
3568	4	1	3	12
3569	4	1	3	13
3570	4	1	3	14
3571	4	1	4	1
3572	4	1	4	2
3573	4	1	4	3
3574	4	1	4	4
3575	4	1	4	5
3576	4	1	4	6
3577	4	1	4	7
3578	4	1	4	8
3579	4	1	4	9
3580	4	1	4	10
3581	4	1	4	11
3582	4	1	4	12
3583	4	1	4	13
3584	4	1	4	14
3585	4	1	5	1
3586	4	1	5	2
3587	4	1	5	3
3588	4	1	5	4
3589	4	1	5	5
3590	4	1	5	6
3591	4	1	5	7
3592	4	1	5	8
3593	4	1	5	9
3594	4	1	5	10
3595	4	1	5	11
3596	4	1	5	12
3597	4	1	5	13
3598	4	1	5	14
3599	4	1	6	1
3600	4	1	6	2
3601	4	1	6	3
3602	4	1	6	4
3603	4	1	6	5
3604	4	1	6	6
3605	4	1	6	7
3606	4	1	6	8
3607	4	1	6	9
3608	4	1	6	10
3609	4	1	6	11
3610	4	1	6	12
3611	4	1	6	13
3612	4	1	6	14
3613	4	1	7	1
3614	4	1	7	2
3615	4	1	7	3
3616	4	1	7	4
3617	4	1	7	5
3618	4	1	7	6
3619	4	1	7	7
3620	4	1	7	8
3621	4	1	7	9
3622	4	1	7	10
3623	4	1	7	11
3624	4	1	7	12
3625	4	1	7	13
3626	4	1	7	14
3627	4	1	8	1
3628	4	1	8	2
3629	4	1	8	3
3630	4	1	8	4
3631	4	1	8	5
3632	4	1	8	6
3633	4	1	8	7
3634	4	1	8	8
3635	4	1	8	9
3636	4	1	8	10
3637	4	1	8	11
3638	4	1	8	12
3639	4	1	8	13
3640	4	1	8	14
3641	4	1	9	1
3642	4	1	9	2
3643	4	1	9	3
3644	4	1	9	4
3645	4	1	9	5
3646	4	1	9	6
3647	4	1	9	7
3648	4	1	9	8
3649	4	1	9	9
3650	4	1	9	10
3651	4	1	9	11
3652	4	1	9	12
3653	4	1	9	13
3654	4	1	9	14
3655	4	2	1	1
3656	4	2	1	2
3657	4	2	1	3
3658	4	2	1	4
3659	4	2	1	5
3660	4	2	1	6
3661	4	2	1	7
3662	4	2	1	8
3663	4	2	1	9
3664	4	2	1	10
3665	4	2	1	11
3666	4	2	1	12
3667	4	2	1	13
3668	4	2	1	14
3669	4	2	2	1
3670	4	2	2	2
3671	4	2	2	3
3672	4	2	2	4
3673	4	2	2	5
3674	4	2	2	6
3675	4	2	2	7
3676	4	2	2	8
3677	4	2	2	9
3678	4	2	2	10
3679	4	2	2	11
3680	4	2	2	12
3681	4	2	2	13
3682	4	2	2	14
3683	4	2	3	1
3684	4	2	3	2
3685	4	2	3	3
3686	4	2	3	4
3687	4	2	3	5
3688	4	2	3	6
3689	4	2	3	7
3690	4	2	3	8
3691	4	2	3	9
3692	4	2	3	10
3693	4	2	3	11
3694	4	2	3	12
3695	4	2	3	13
3696	4	2	3	14
3697	4	2	4	1
3698	4	2	4	2
3699	4	2	4	3
3700	4	2	4	4
3701	4	2	4	5
3702	4	2	4	6
3703	4	2	4	7
3704	4	2	4	8
3705	4	2	4	9
3706	4	2	4	10
3707	4	2	4	11
3708	4	2	4	12
3709	4	2	4	13
3710	4	2	4	14
3711	4	2	5	1
3712	4	2	5	2
3713	4	2	5	3
3714	4	2	5	4
3715	4	2	5	5
3716	4	2	5	6
3717	4	2	5	7
3718	4	2	5	8
3719	4	2	5	9
3720	4	2	5	10
3721	4	2	5	11
3722	4	2	5	12
3723	4	2	5	13
3724	4	2	5	14
3725	4	2	6	1
3726	4	2	6	2
3727	4	2	6	3
3728	4	2	6	4
3729	4	2	6	5
3730	4	2	6	6
3731	4	2	6	7
3732	4	2	6	8
3733	4	2	6	9
3734	4	2	6	10
3735	4	2	6	11
3736	4	2	6	12
3737	4	2	6	13
3738	4	2	6	14
3739	4	2	7	1
3740	4	2	7	2
3741	4	2	7	3
3742	4	2	7	4
3743	4	2	7	5
3744	4	2	7	6
3745	4	2	7	7
3746	4	2	7	8
3747	4	2	7	9
3748	4	2	7	10
3749	4	2	7	11
3750	4	2	7	12
3751	4	2	7	13
3752	4	2	7	14
3753	4	2	8	1
3754	4	2	8	2
3755	4	2	8	3
3756	4	2	8	4
3757	4	2	8	5
3758	4	2	8	6
3759	4	2	8	7
3760	4	2	8	8
3761	4	2	8	9
3762	4	2	8	10
3763	4	2	8	11
3764	4	2	8	12
3765	4	2	8	13
3766	4	2	8	14
3767	4	2	9	1
3768	4	2	9	2
3769	4	2	9	3
3770	4	2	9	4
3771	4	2	9	5
3772	4	2	9	6
3773	4	2	9	7
3774	4	2	9	8
3775	4	2	9	9
3776	4	2	9	10
3777	4	2	9	11
3778	4	2	9	12
3779	4	2	9	13
3780	4	2	9	14
3781	4	3	1	1
3782	4	3	1	2
3783	4	3	1	3
3784	4	3	1	4
3785	4	3	1	5
3786	4	3	1	6
3787	4	3	1	7
3788	4	3	1	8
3789	4	3	1	9
3790	4	3	1	10
3791	4	3	1	11
3792	4	3	1	12
3793	4	3	1	13
3794	4	3	1	14
3795	4	3	2	1
3796	4	3	2	2
3797	4	3	2	3
3798	4	3	2	4
3799	4	3	2	5
3800	4	3	2	6
3801	4	3	2	7
3802	4	3	2	8
3803	4	3	2	9
3804	4	3	2	10
3805	4	3	2	11
3806	4	3	2	12
3807	4	3	2	13
3808	4	3	2	14
3809	4	3	3	1
3810	4	3	3	2
3811	4	3	3	3
3812	4	3	3	4
3813	4	3	3	5
3814	4	3	3	6
3815	4	3	3	7
3816	4	3	3	8
3817	4	3	3	9
3818	4	3	3	10
3819	4	3	3	11
3820	4	3	3	12
3821	4	3	3	13
3822	4	3	3	14
3823	4	3	4	1
3824	4	3	4	2
3825	4	3	4	3
3826	4	3	4	4
3827	4	3	4	5
3828	4	3	4	6
3829	4	3	4	7
3830	4	3	4	8
3831	4	3	4	9
3832	4	3	4	10
3833	4	3	4	11
3834	4	3	4	12
3835	4	3	4	13
3836	4	3	4	14
3837	4	3	5	1
3838	4	3	5	2
3839	4	3	5	3
3840	4	3	5	4
3841	4	3	5	5
3842	4	3	5	6
3843	4	3	5	7
3844	4	3	5	8
3845	4	3	5	9
3846	4	3	5	10
3847	4	3	5	11
3848	4	3	5	12
3849	4	3	5	13
3850	4	3	5	14
3851	4	3	6	1
3852	4	3	6	2
3853	4	3	6	3
3854	4	3	6	4
3855	4	3	6	5
3856	4	3	6	6
3857	4	3	6	7
3858	4	3	6	8
3859	4	3	6	9
3860	4	3	6	10
3861	4	3	6	11
3862	4	3	6	12
3863	4	3	6	13
3864	4	3	6	14
3865	4	3	7	1
3866	4	3	7	2
3867	4	3	7	3
3868	4	3	7	4
3869	4	3	7	5
3870	4	3	7	6
3871	4	3	7	7
3872	4	3	7	8
3873	4	3	7	9
3874	4	3	7	10
3875	4	3	7	11
3876	4	3	7	12
3877	4	3	7	13
3878	4	3	7	14
3879	4	3	8	1
3880	4	3	8	2
3881	4	3	8	3
3882	4	3	8	4
3883	4	3	8	5
3884	4	3	8	6
3885	4	3	8	7
3886	4	3	8	8
3887	4	3	8	9
3888	4	3	8	10
3889	4	3	8	11
3890	4	3	8	12
3891	4	3	8	13
3892	4	3	8	14
3893	4	3	9	1
3894	4	3	9	2
3895	4	3	9	3
3896	4	3	9	4
3897	4	3	9	5
3898	4	3	9	6
3899	4	3	9	7
3900	4	3	9	8
3901	4	3	9	9
3902	4	3	9	10
3903	4	3	9	11
3904	4	3	9	12
3905	4	3	9	13
3906	4	3	9	14
3907	4	4	1	1
3908	4	4	1	2
3909	4	4	1	3
3910	4	4	1	4
3911	4	4	1	5
3912	4	4	1	6
3913	4	4	1	7
3914	4	4	1	8
3915	4	4	1	9
3916	4	4	1	10
3917	4	4	1	11
3918	4	4	1	12
3919	4	4	1	13
3920	4	4	1	14
3921	4	4	2	1
3922	4	4	2	2
3923	4	4	2	3
3924	4	4	2	4
3925	4	4	2	5
3926	4	4	2	6
3927	4	4	2	7
3928	4	4	2	8
3929	4	4	2	9
3930	4	4	2	10
3931	4	4	2	11
3932	4	4	2	12
3933	4	4	2	13
3934	4	4	2	14
3935	4	4	3	1
3936	4	4	3	2
3937	4	4	3	3
3938	4	4	3	4
3939	4	4	3	5
3940	4	4	3	6
3941	4	4	3	7
3942	4	4	3	8
3943	4	4	3	9
3944	4	4	3	10
3945	4	4	3	11
3946	4	4	3	12
3947	4	4	3	13
3948	4	4	3	14
3949	4	4	4	1
3950	4	4	4	2
3951	4	4	4	3
3952	4	4	4	4
3953	4	4	4	5
3954	4	4	4	6
3955	4	4	4	7
3956	4	4	4	8
3957	4	4	4	9
3958	4	4	4	10
3959	4	4	4	11
3960	4	4	4	12
3961	4	4	4	13
3962	4	4	4	14
3963	4	4	5	1
3964	4	4	5	2
3965	4	4	5	3
3966	4	4	5	4
3967	4	4	5	5
3968	4	4	5	6
3969	4	4	5	7
3970	4	4	5	8
3971	4	4	5	9
3972	4	4	5	10
3973	4	4	5	11
3974	4	4	5	12
3975	4	4	5	13
3976	4	4	5	14
3977	4	4	6	1
3978	4	4	6	2
3979	4	4	6	3
3980	4	4	6	4
3981	4	4	6	5
3982	4	4	6	6
3983	4	4	6	7
3984	4	4	6	8
3985	4	4	6	9
3986	4	4	6	10
3987	4	4	6	11
3988	4	4	6	12
3989	4	4	6	13
3990	4	4	6	14
3991	4	4	7	1
3992	4	4	7	2
3993	4	4	7	3
3994	4	4	7	4
3995	4	4	7	5
3996	4	4	7	6
3997	4	4	7	7
3998	4	4	7	8
3999	4	4	7	9
4000	4	4	7	10
4001	4	4	7	11
4002	4	4	7	12
4003	4	4	7	13
4004	4	4	7	14
4005	4	4	8	1
4006	4	4	8	2
4007	4	4	8	3
4008	4	4	8	4
4009	4	4	8	5
4010	4	4	8	6
4011	4	4	8	7
4012	4	4	8	8
4013	4	4	8	9
4014	4	4	8	10
4015	4	4	8	11
4016	4	4	8	12
4017	4	4	8	13
4018	4	4	8	14
4019	4	4	9	1
4020	4	4	9	2
4021	4	4	9	3
4022	4	4	9	4
4023	4	4	9	5
4024	4	4	9	6
4025	4	4	9	7
4026	4	4	9	8
4027	4	4	9	9
4028	4	4	9	10
4029	4	4	9	11
4030	4	4	9	12
4031	4	4	9	13
4032	4	4	9	14
4033	1	1	1	1
4034	1	1	1	2
4035	1	1	1	3
4036	1	1	1	4
4037	1	1	1	5
4038	1	1	1	6
4039	1	1	1	7
4040	1	1	1	8
4041	1	1	1	9
4042	1	1	1	10
4043	1	1	1	11
4044	1	1	1	12
4045	1	1	1	13
4046	1	1	1	14
4047	1	1	2	1
4048	1	1	2	2
4049	1	1	2	3
4050	1	1	2	4
4051	1	1	2	5
4052	1	1	2	6
4053	1	1	2	7
4054	1	1	2	8
4055	1	1	2	9
4056	1	1	2	10
4057	1	1	2	11
4058	1	1	2	12
4059	1	1	2	13
4060	1	1	2	14
4061	1	1	3	1
4062	1	1	3	2
4063	1	1	3	3
4064	1	1	3	4
4065	1	1	3	5
4066	1	1	3	6
4067	1	1	3	7
4068	1	1	3	8
4069	1	1	3	9
4070	1	1	3	10
4071	1	1	3	11
4072	1	1	3	12
4073	1	1	3	13
4074	1	1	3	14
4075	1	1	4	1
4076	1	1	4	2
4077	1	1	4	3
4078	1	1	4	4
4079	1	1	4	5
4080	1	1	4	6
4081	1	1	4	7
4082	1	1	4	8
4083	1	1	4	9
4084	1	1	4	10
4085	1	1	4	11
4086	1	1	4	12
4087	1	1	4	13
4088	1	1	4	14
4089	1	1	5	1
4090	1	1	5	2
4091	1	1	5	3
4092	1	1	5	4
4093	1	1	5	5
4094	1	1	5	6
4095	1	1	5	7
4096	1	1	5	8
4097	1	1	5	9
4098	1	1	5	10
4099	1	1	5	11
4100	1	1	5	12
4101	1	1	5	13
4102	1	1	5	14
4103	1	1	6	1
4104	1	1	6	2
4105	1	1	6	3
4106	1	1	6	4
4107	1	1	6	5
4108	1	1	6	6
4109	1	1	6	7
4110	1	1	6	8
4111	1	1	6	9
4112	1	1	6	10
4113	1	1	6	11
4114	1	1	6	12
4115	1	1	6	13
4116	1	1	6	14
4117	1	1	7	1
4118	1	1	7	2
4119	1	1	7	3
4120	1	1	7	4
4121	1	1	7	5
4122	1	1	7	6
4123	1	1	7	7
4124	1	1	7	8
4125	1	1	7	9
4126	1	1	7	10
4127	1	1	7	11
4128	1	1	7	12
4129	1	1	7	13
4130	1	1	7	14
4131	1	1	8	1
4132	1	1	8	2
4133	1	1	8	3
4134	1	1	8	4
4135	1	1	8	5
4136	1	1	8	6
4137	1	1	8	7
4138	1	1	8	8
4139	1	1	8	9
4140	1	1	8	10
4141	1	1	8	11
4142	1	1	8	12
4143	1	1	8	13
4144	1	1	8	14
4145	1	1	9	1
4146	1	1	9	2
4147	1	1	9	3
4148	1	1	9	4
4149	1	1	9	5
4150	1	1	9	6
4151	1	1	9	7
4152	1	1	9	8
4153	1	1	9	9
4154	1	1	9	10
4155	1	1	9	11
4156	1	1	9	12
4157	1	1	9	13
4158	1	1	9	14
4159	1	2	1	1
4160	1	2	1	2
4161	1	2	1	3
4162	1	2	1	4
4163	1	2	1	5
4164	1	2	1	6
4165	1	2	1	7
4166	1	2	1	8
4167	1	2	1	9
4168	1	2	1	10
4169	1	2	1	11
4170	1	2	1	12
4171	1	2	1	13
4172	1	2	1	14
4173	1	2	2	1
4174	1	2	2	2
4175	1	2	2	3
4176	1	2	2	4
4177	1	2	2	5
4178	1	2	2	6
4179	1	2	2	7
4180	1	2	2	8
4181	1	2	2	9
4182	1	2	2	10
4183	1	2	2	11
4184	1	2	2	12
4185	1	2	2	13
4186	1	2	2	14
4187	1	2	3	1
4188	1	2	3	2
4189	1	2	3	3
4190	1	2	3	4
4191	1	2	3	5
4192	1	2	3	6
4193	1	2	3	7
4194	1	2	3	8
4195	1	2	3	9
4196	1	2	3	10
4197	1	2	3	11
4198	1	2	3	12
4199	1	2	3	13
4200	1	2	3	14
4201	1	2	4	1
4202	1	2	4	2
4203	1	2	4	3
4204	1	2	4	4
4205	1	2	4	5
4206	1	2	4	6
4207	1	2	4	7
4208	1	2	4	8
4209	1	2	4	9
4210	1	2	4	10
4211	1	2	4	11
4212	1	2	4	12
4213	1	2	4	13
4214	1	2	4	14
4215	1	2	5	1
4216	1	2	5	2
4217	1	2	5	3
4218	1	2	5	4
4219	1	2	5	5
4220	1	2	5	6
4221	1	2	5	7
4222	1	2	5	8
4223	1	2	5	9
4224	1	2	5	10
4225	1	2	5	11
4226	1	2	5	12
4227	1	2	5	13
4228	1	2	5	14
4229	1	2	6	1
4230	1	2	6	2
4231	1	2	6	3
4232	1	2	6	4
4233	1	2	6	5
4234	1	2	6	6
4235	1	2	6	7
4236	1	2	6	8
4237	1	2	6	9
4238	1	2	6	10
4239	1	2	6	11
4240	1	2	6	12
4241	1	2	6	13
4242	1	2	6	14
4243	1	2	7	1
4244	1	2	7	2
4245	1	2	7	3
4246	1	2	7	4
4247	1	2	7	5
4248	1	2	7	6
4249	1	2	7	7
4250	1	2	7	8
4251	1	2	7	9
4252	1	2	7	10
4253	1	2	7	11
4254	1	2	7	12
4255	1	2	7	13
4256	1	2	7	14
4257	1	2	8	1
4258	1	2	8	2
4259	1	2	8	3
4260	1	2	8	4
4261	1	2	8	5
4262	1	2	8	6
4263	1	2	8	7
4264	1	2	8	8
4265	1	2	8	9
4266	1	2	8	10
4267	1	2	8	11
4268	1	2	8	12
4269	1	2	8	13
4270	1	2	8	14
4271	1	2	9	1
4272	1	2	9	2
4273	1	2	9	3
4274	1	2	9	4
4275	1	2	9	5
4276	1	2	9	6
4277	1	2	9	7
4278	1	2	9	8
4279	1	2	9	9
4280	1	2	9	10
4281	1	2	9	11
4282	1	2	9	12
4283	1	2	9	13
4284	1	2	9	14
4285	1	3	1	1
4286	1	3	1	2
4287	1	3	1	3
4288	1	3	1	4
4289	1	3	1	5
4290	1	3	1	6
4291	1	3	1	7
4292	1	3	1	8
4293	1	3	1	9
4294	1	3	1	10
4295	1	3	1	11
4296	1	3	1	12
4297	1	3	1	13
4298	1	3	1	14
4299	1	3	2	1
4300	1	3	2	2
4301	1	3	2	3
4302	1	3	2	4
4303	1	3	2	5
4304	1	3	2	6
4305	1	3	2	7
4306	1	3	2	8
4307	1	3	2	9
4308	1	3	2	10
4309	1	3	2	11
4310	1	3	2	12
4311	1	3	2	13
4312	1	3	2	14
4313	1	3	3	1
4314	1	3	3	2
4315	1	3	3	3
4316	1	3	3	4
4317	1	3	3	5
4318	1	3	3	6
4319	1	3	3	7
4320	1	3	3	8
4321	1	3	3	9
4322	1	3	3	10
4323	1	3	3	11
4324	1	3	3	12
4325	1	3	3	13
4326	1	3	3	14
4327	1	3	4	1
4328	1	3	4	2
4329	1	3	4	3
4330	1	3	4	4
4331	1	3	4	5
4332	1	3	4	6
4333	1	3	4	7
4334	1	3	4	8
4335	1	3	4	9
4336	1	3	4	10
4337	1	3	4	11
4338	1	3	4	12
4339	1	3	4	13
4340	1	3	4	14
4341	1	3	5	1
4342	1	3	5	2
4343	1	3	5	3
4344	1	3	5	4
4345	1	3	5	5
4346	1	3	5	6
4347	1	3	5	7
4348	1	3	5	8
4349	1	3	5	9
4350	1	3	5	10
4351	1	3	5	11
4352	1	3	5	12
4353	1	3	5	13
4354	1	3	5	14
4355	1	3	6	1
4356	1	3	6	2
4357	1	3	6	3
4358	1	3	6	4
4359	1	3	6	5
4360	1	3	6	6
4361	1	3	6	7
4362	1	3	6	8
4363	1	3	6	9
4364	1	3	6	10
4365	1	3	6	11
4366	1	3	6	12
4367	1	3	6	13
4368	1	3	6	14
4369	1	3	7	1
4370	1	3	7	2
4371	1	3	7	3
4372	1	3	7	4
4373	1	3	7	5
4374	1	3	7	6
4375	1	3	7	7
4376	1	3	7	8
4377	1	3	7	9
4378	1	3	7	10
4379	1	3	7	11
4380	1	3	7	12
4381	1	3	7	13
4382	1	3	7	14
4383	1	3	8	1
4384	1	3	8	2
4385	1	3	8	3
4386	1	3	8	4
4387	1	3	8	5
4388	1	3	8	6
4389	1	3	8	7
4390	1	3	8	8
4391	1	3	8	9
4392	1	3	8	10
4393	1	3	8	11
4394	1	3	8	12
4395	1	3	8	13
4396	1	3	8	14
4397	1	3	9	1
4398	1	3	9	2
4399	1	3	9	3
4400	1	3	9	4
4401	1	3	9	5
4402	1	3	9	6
4403	1	3	9	7
4404	1	3	9	8
4405	1	3	9	9
4406	1	3	9	10
4407	1	3	9	11
4408	1	3	9	12
4409	1	3	9	13
4410	1	3	9	14
4411	1	4	1	1
4412	1	4	1	2
4413	1	4	1	3
4414	1	4	1	4
4415	1	4	1	5
4416	1	4	1	6
4417	1	4	1	7
4418	1	4	1	8
4419	1	4	1	9
4420	1	4	1	10
4421	1	4	1	11
4422	1	4	1	12
4423	1	4	1	13
4424	1	4	1	14
4425	1	4	2	1
4426	1	4	2	2
4427	1	4	2	3
4428	1	4	2	4
4429	1	4	2	5
4430	1	4	2	6
4431	1	4	2	7
4432	1	4	2	8
4433	1	4	2	9
4434	1	4	2	10
4435	1	4	2	11
4436	1	4	2	12
4437	1	4	2	13
4438	1	4	2	14
4439	1	4	3	1
4440	1	4	3	2
4441	1	4	3	3
4442	1	4	3	4
4443	1	4	3	5
4444	1	4	3	6
4445	1	4	3	7
4446	1	4	3	8
4447	1	4	3	9
4448	1	4	3	10
4449	1	4	3	11
4450	1	4	3	12
4451	1	4	3	13
4452	1	4	3	14
4453	1	4	4	1
4454	1	4	4	2
4455	1	4	4	3
4456	1	4	4	4
4457	1	4	4	5
4458	1	4	4	6
4459	1	4	4	7
4460	1	4	4	8
4461	1	4	4	9
4462	1	4	4	10
4463	1	4	4	11
4464	1	4	4	12
4465	1	4	4	13
4466	1	4	4	14
4467	1	4	5	1
4468	1	4	5	2
4469	1	4	5	3
4470	1	4	5	4
4471	1	4	5	5
4472	1	4	5	6
4473	1	4	5	7
4474	1	4	5	8
4475	1	4	5	9
4476	1	4	5	10
4477	1	4	5	11
4478	1	4	5	12
4479	1	4	5	13
4480	1	4	5	14
4481	1	4	6	1
4482	1	4	6	2
4483	1	4	6	3
4484	1	4	6	4
4485	1	4	6	5
4486	1	4	6	6
4487	1	4	6	7
4488	1	4	6	8
4489	1	4	6	9
4490	1	4	6	10
4491	1	4	6	11
4492	1	4	6	12
4493	1	4	6	13
4494	1	4	6	14
4495	1	4	7	1
4496	1	4	7	2
4497	1	4	7	3
4498	1	4	7	4
4499	1	4	7	5
4500	1	4	7	6
4501	1	4	7	7
4502	1	4	7	8
4503	1	4	7	9
4504	1	4	7	10
4505	1	4	7	11
4506	1	4	7	12
4507	1	4	7	13
4508	1	4	7	14
4509	1	4	8	1
4510	1	4	8	2
4511	1	4	8	3
4512	1	4	8	4
4513	1	4	8	5
4514	1	4	8	6
4515	1	4	8	7
4516	1	4	8	8
4517	1	4	8	9
4518	1	4	8	10
4519	1	4	8	11
4520	1	4	8	12
4521	1	4	8	13
4522	1	4	8	14
4523	1	4	9	1
4524	1	4	9	2
4525	1	4	9	3
4526	1	4	9	4
4527	1	4	9	5
4528	1	4	9	6
4529	1	4	9	7
4530	1	4	9	8
4531	1	4	9	9
4532	1	4	9	10
4533	1	4	9	11
4534	1	4	9	12
4535	1	4	9	13
4536	1	4	9	14
4537	2	1	1	1
4538	2	1	1	2
4539	2	1	1	3
4540	2	1	1	4
4541	2	1	1	5
4542	2	1	1	6
4543	2	1	1	7
4544	2	1	1	8
4545	2	1	1	9
4546	2	1	1	10
4547	2	1	1	11
4548	2	1	1	12
4549	2	1	1	13
4550	2	1	1	14
4551	2	1	2	1
4552	2	1	2	2
4553	2	1	2	3
4554	2	1	2	4
4555	2	1	2	5
4556	2	1	2	6
4557	2	1	2	7
4558	2	1	2	8
4559	2	1	2	9
4560	2	1	2	10
4561	2	1	2	11
4562	2	1	2	12
4563	2	1	2	13
4564	2	1	2	14
4565	2	1	3	1
4566	2	1	3	2
4567	2	1	3	3
4568	2	1	3	4
4569	2	1	3	5
4570	2	1	3	6
4571	2	1	3	7
4572	2	1	3	8
4573	2	1	3	9
4574	2	1	3	10
4575	2	1	3	11
4576	2	1	3	12
4577	2	1	3	13
4578	2	1	3	14
4579	2	1	4	1
4580	2	1	4	2
4581	2	1	4	3
4582	2	1	4	4
4583	2	1	4	5
4584	2	1	4	6
4585	2	1	4	7
4586	2	1	4	8
4587	2	1	4	9
4588	2	1	4	10
4589	2	1	4	11
4590	2	1	4	12
4591	2	1	4	13
4592	2	1	4	14
4593	2	1	5	1
4594	2	1	5	2
4595	2	1	5	3
4596	2	1	5	4
4597	2	1	5	5
4598	2	1	5	6
4599	2	1	5	7
4600	2	1	5	8
4601	2	1	5	9
4602	2	1	5	10
4603	2	1	5	11
4604	2	1	5	12
4605	2	1	5	13
4606	2	1	5	14
4607	2	1	6	1
4608	2	1	6	2
4609	2	1	6	3
4610	2	1	6	4
4611	2	1	6	5
4612	2	1	6	6
4613	2	1	6	7
4614	2	1	6	8
4615	2	1	6	9
4616	2	1	6	10
4617	2	1	6	11
4618	2	1	6	12
4619	2	1	6	13
4620	2	1	6	14
4621	2	1	7	1
4622	2	1	7	2
4623	2	1	7	3
4624	2	1	7	4
4625	2	1	7	5
4626	2	1	7	6
4627	2	1	7	7
4628	2	1	7	8
4629	2	1	7	9
4630	2	1	7	10
4631	2	1	7	11
4632	2	1	7	12
4633	2	1	7	13
4634	2	1	7	14
4635	2	1	8	1
4636	2	1	8	2
4637	2	1	8	3
4638	2	1	8	4
4639	2	1	8	5
4640	2	1	8	6
4641	2	1	8	7
4642	2	1	8	8
4643	2	1	8	9
4644	2	1	8	10
4645	2	1	8	11
4646	2	1	8	12
4647	2	1	8	13
4648	2	1	8	14
4649	2	1	9	1
4650	2	1	9	2
4651	2	1	9	3
4652	2	1	9	4
4653	2	1	9	5
4654	2	1	9	6
4655	2	1	9	7
4656	2	1	9	8
4657	2	1	9	9
4658	2	1	9	10
4659	2	1	9	11
4660	2	1	9	12
4661	2	1	9	13
4662	2	1	9	14
4663	2	2	1	1
4664	2	2	1	2
4665	2	2	1	3
4666	2	2	1	4
4667	2	2	1	5
4668	2	2	1	6
4669	2	2	1	7
4670	2	2	1	8
4671	2	2	1	9
4672	2	2	1	10
4673	2	2	1	11
4674	2	2	1	12
4675	2	2	1	13
4676	2	2	1	14
4677	2	2	2	1
4678	2	2	2	2
4679	2	2	2	3
4680	2	2	2	4
4681	2	2	2	5
4682	2	2	2	6
4683	2	2	2	7
4684	2	2	2	8
4685	2	2	2	9
4686	2	2	2	10
4687	2	2	2	11
4688	2	2	2	12
4689	2	2	2	13
4690	2	2	2	14
4691	2	2	3	1
4692	2	2	3	2
4693	2	2	3	3
4694	2	2	3	4
4695	2	2	3	5
4696	2	2	3	6
4697	2	2	3	7
4698	2	2	3	8
4699	2	2	3	9
4700	2	2	3	10
4701	2	2	3	11
4702	2	2	3	12
4703	2	2	3	13
4704	2	2	3	14
4705	2	2	4	1
4706	2	2	4	2
4707	2	2	4	3
4708	2	2	4	4
4709	2	2	4	5
4710	2	2	4	6
4711	2	2	4	7
4712	2	2	4	8
4713	2	2	4	9
4714	2	2	4	10
4715	2	2	4	11
4716	2	2	4	12
4717	2	2	4	13
4718	2	2	4	14
4719	2	2	5	1
4720	2	2	5	2
4721	2	2	5	3
4722	2	2	5	4
4723	2	2	5	5
4724	2	2	5	6
4725	2	2	5	7
4726	2	2	5	8
4727	2	2	5	9
4728	2	2	5	10
4729	2	2	5	11
4730	2	2	5	12
4731	2	2	5	13
4732	2	2	5	14
4733	2	2	6	1
4734	2	2	6	2
4735	2	2	6	3
4736	2	2	6	4
4737	2	2	6	5
4738	2	2	6	6
4739	2	2	6	7
4740	2	2	6	8
4741	2	2	6	9
4742	2	2	6	10
4743	2	2	6	11
4744	2	2	6	12
4745	2	2	6	13
4746	2	2	6	14
4747	2	2	7	1
4748	2	2	7	2
4749	2	2	7	3
4750	2	2	7	4
4751	2	2	7	5
4752	2	2	7	6
4753	2	2	7	7
4754	2	2	7	8
4755	2	2	7	9
4756	2	2	7	10
4757	2	2	7	11
4758	2	2	7	12
4759	2	2	7	13
4760	2	2	7	14
4761	2	2	8	1
4762	2	2	8	2
4763	2	2	8	3
4764	2	2	8	4
4765	2	2	8	5
4766	2	2	8	6
4767	2	2	8	7
4768	2	2	8	8
4769	2	2	8	9
4770	2	2	8	10
4771	2	2	8	11
4772	2	2	8	12
4773	2	2	8	13
4774	2	2	8	14
4775	2	2	9	1
4776	2	2	9	2
4777	2	2	9	3
4778	2	2	9	4
4779	2	2	9	5
4780	2	2	9	6
4781	2	2	9	7
4782	2	2	9	8
4783	2	2	9	9
4784	2	2	9	10
4785	2	2	9	11
4786	2	2	9	12
4787	2	2	9	13
4788	2	2	9	14
4789	2	3	1	1
4790	2	3	1	2
4791	2	3	1	3
4792	2	3	1	4
4793	2	3	1	5
4794	2	3	1	6
4795	2	3	1	7
4796	2	3	1	8
4797	2	3	1	9
4798	2	3	1	10
4799	2	3	1	11
4800	2	3	1	12
4801	2	3	1	13
4802	2	3	1	14
4803	2	3	2	1
4804	2	3	2	2
4805	2	3	2	3
4806	2	3	2	4
4807	2	3	2	5
4808	2	3	2	6
4809	2	3	2	7
4810	2	3	2	8
4811	2	3	2	9
4812	2	3	2	10
4813	2	3	2	11
4814	2	3	2	12
4815	2	3	2	13
4816	2	3	2	14
4817	2	3	3	1
4818	2	3	3	2
4819	2	3	3	3
4820	2	3	3	4
4821	2	3	3	5
4822	2	3	3	6
4823	2	3	3	7
4824	2	3	3	8
4825	2	3	3	9
4826	2	3	3	10
4827	2	3	3	11
4828	2	3	3	12
4829	2	3	3	13
4830	2	3	3	14
4831	2	3	4	1
4832	2	3	4	2
4833	2	3	4	3
4834	2	3	4	4
4835	2	3	4	5
4836	2	3	4	6
4837	2	3	4	7
4838	2	3	4	8
4839	2	3	4	9
4840	2	3	4	10
4841	2	3	4	11
4842	2	3	4	12
4843	2	3	4	13
4844	2	3	4	14
4845	2	3	5	1
4846	2	3	5	2
4847	2	3	5	3
4848	2	3	5	4
4849	2	3	5	5
4850	2	3	5	6
4851	2	3	5	7
4852	2	3	5	8
4853	2	3	5	9
4854	2	3	5	10
4855	2	3	5	11
4856	2	3	5	12
4857	2	3	5	13
4858	2	3	5	14
4859	2	3	6	1
4860	2	3	6	2
4861	2	3	6	3
4862	2	3	6	4
4863	2	3	6	5
4864	2	3	6	6
4865	2	3	6	7
4866	2	3	6	8
4867	2	3	6	9
4868	2	3	6	10
4869	2	3	6	11
4870	2	3	6	12
4871	2	3	6	13
4872	2	3	6	14
4873	2	3	7	1
4874	2	3	7	2
4875	2	3	7	3
4876	2	3	7	4
4877	2	3	7	5
4878	2	3	7	6
4879	2	3	7	7
4880	2	3	7	8
4881	2	3	7	9
4882	2	3	7	10
4883	2	3	7	11
4884	2	3	7	12
4885	2	3	7	13
4886	2	3	7	14
4887	2	3	8	1
4888	2	3	8	2
4889	2	3	8	3
4890	2	3	8	4
4891	2	3	8	5
4892	2	3	8	6
4893	2	3	8	7
4894	2	3	8	8
4895	2	3	8	9
4896	2	3	8	10
4897	2	3	8	11
4898	2	3	8	12
4899	2	3	8	13
4900	2	3	8	14
4901	2	3	9	1
4902	2	3	9	2
4903	2	3	9	3
4904	2	3	9	4
4905	2	3	9	5
4906	2	3	9	6
4907	2	3	9	7
4908	2	3	9	8
4909	2	3	9	9
4910	2	3	9	10
4911	2	3	9	11
4912	2	3	9	12
4913	2	3	9	13
4914	2	3	9	14
4915	2	4	1	1
4916	2	4	1	2
4917	2	4	1	3
4918	2	4	1	4
4919	2	4	1	5
4920	2	4	1	6
4921	2	4	1	7
4922	2	4	1	8
4923	2	4	1	9
4924	2	4	1	10
4925	2	4	1	11
4926	2	4	1	12
4927	2	4	1	13
4928	2	4	1	14
4929	2	4	2	1
4930	2	4	2	2
4931	2	4	2	3
4932	2	4	2	4
4933	2	4	2	5
4934	2	4	2	6
4935	2	4	2	7
4936	2	4	2	8
4937	2	4	2	9
4938	2	4	2	10
4939	2	4	2	11
4940	2	4	2	12
4941	2	4	2	13
4942	2	4	2	14
4943	2	4	3	1
4944	2	4	3	2
4945	2	4	3	3
4946	2	4	3	4
4947	2	4	3	5
4948	2	4	3	6
4949	2	4	3	7
4950	2	4	3	8
4951	2	4	3	9
4952	2	4	3	10
4953	2	4	3	11
4954	2	4	3	12
4955	2	4	3	13
4956	2	4	3	14
4957	2	4	4	1
4958	2	4	4	2
4959	2	4	4	3
4960	2	4	4	4
4961	2	4	4	5
4962	2	4	4	6
4963	2	4	4	7
4964	2	4	4	8
4965	2	4	4	9
4966	2	4	4	10
4967	2	4	4	11
4968	2	4	4	12
4969	2	4	4	13
4970	2	4	4	14
4971	2	4	5	1
4972	2	4	5	2
4973	2	4	5	3
4974	2	4	5	4
4975	2	4	5	5
4976	2	4	5	6
4977	2	4	5	7
4978	2	4	5	8
4979	2	4	5	9
4980	2	4	5	10
4981	2	4	5	11
4982	2	4	5	12
4983	2	4	5	13
4984	2	4	5	14
4985	2	4	6	1
4986	2	4	6	2
4987	2	4	6	3
4988	2	4	6	4
4989	2	4	6	5
4990	2	4	6	6
4991	2	4	6	7
4992	2	4	6	8
4993	2	4	6	9
4994	2	4	6	10
4995	2	4	6	11
4996	2	4	6	12
4997	2	4	6	13
4998	2	4	6	14
4999	2	4	7	1
5000	2	4	7	2
5001	2	4	7	3
5002	2	4	7	4
5003	2	4	7	5
5004	2	4	7	6
5005	2	4	7	7
5006	2	4	7	8
5007	2	4	7	9
5008	2	4	7	10
5009	2	4	7	11
5010	2	4	7	12
5011	2	4	7	13
5012	2	4	7	14
5013	2	4	8	1
5014	2	4	8	2
5015	2	4	8	3
5016	2	4	8	4
5017	2	4	8	5
5018	2	4	8	6
5019	2	4	8	7
5020	2	4	8	8
5021	2	4	8	9
5022	2	4	8	10
5023	2	4	8	11
5024	2	4	8	12
5025	2	4	8	13
5026	2	4	8	14
5027	2	4	9	1
5028	2	4	9	2
5029	2	4	9	3
5030	2	4	9	4
5031	2	4	9	5
5032	2	4	9	6
5033	2	4	9	7
5034	2	4	9	8
5035	2	4	9	9
5036	2	4	9	10
5037	2	4	9	11
5038	2	4	9	12
5039	2	4	9	13
5040	2	4	9	14
5041	3	1	1	1
5042	3	1	1	2
5043	3	1	1	3
5044	3	1	1	4
5045	3	1	1	5
5046	3	1	1	6
5047	3	1	1	7
5048	3	1	1	8
5049	3	1	1	9
5050	3	1	1	10
5051	3	1	1	11
5052	3	1	1	12
5053	3	1	1	13
5054	3	1	1	14
5055	3	1	2	1
5056	3	1	2	2
5057	3	1	2	3
5058	3	1	2	4
5059	3	1	2	5
5060	3	1	2	6
5061	3	1	2	7
5062	3	1	2	8
5063	3	1	2	9
5064	3	1	2	10
5065	3	1	2	11
5066	3	1	2	12
5067	3	1	2	13
5068	3	1	2	14
5069	3	1	3	1
5070	3	1	3	2
5071	3	1	3	3
5072	3	1	3	4
5073	3	1	3	5
5074	3	1	3	6
5075	3	1	3	7
5076	3	1	3	8
5077	3	1	3	9
5078	3	1	3	10
5079	3	1	3	11
5080	3	1	3	12
5081	3	1	3	13
5082	3	1	3	14
5083	3	1	4	1
5084	3	1	4	2
5085	3	1	4	3
5086	3	1	4	4
5087	3	1	4	5
5088	3	1	4	6
5089	3	1	4	7
5090	3	1	4	8
5091	3	1	4	9
5092	3	1	4	10
5093	3	1	4	11
5094	3	1	4	12
5095	3	1	4	13
5096	3	1	4	14
5097	3	1	5	1
5098	3	1	5	2
5099	3	1	5	3
5100	3	1	5	4
5101	3	1	5	5
5102	3	1	5	6
5103	3	1	5	7
5104	3	1	5	8
5105	3	1	5	9
5106	3	1	5	10
5107	3	1	5	11
5108	3	1	5	12
5109	3	1	5	13
5110	3	1	5	14
5111	3	1	6	1
5112	3	1	6	2
5113	3	1	6	3
5114	3	1	6	4
5115	3	1	6	5
5116	3	1	6	6
5117	3	1	6	7
5118	3	1	6	8
5119	3	1	6	9
5120	3	1	6	10
5121	3	1	6	11
5122	3	1	6	12
5123	3	1	6	13
5124	3	1	6	14
5125	3	1	7	1
5126	3	1	7	2
5127	3	1	7	3
5128	3	1	7	4
5129	3	1	7	5
5130	3	1	7	6
5131	3	1	7	7
5132	3	1	7	8
5133	3	1	7	9
5134	3	1	7	10
5135	3	1	7	11
5136	3	1	7	12
5137	3	1	7	13
5138	3	1	7	14
5139	3	1	8	1
5140	3	1	8	2
5141	3	1	8	3
5142	3	1	8	4
5143	3	1	8	5
5144	3	1	8	6
5145	3	1	8	7
5146	3	1	8	8
5147	3	1	8	9
5148	3	1	8	10
5149	3	1	8	11
5150	3	1	8	12
5151	3	1	8	13
5152	3	1	8	14
5153	3	1	9	1
5154	3	1	9	2
5155	3	1	9	3
5156	3	1	9	4
5157	3	1	9	5
5158	3	1	9	6
5159	3	1	9	7
5160	3	1	9	8
5161	3	1	9	9
5162	3	1	9	10
5163	3	1	9	11
5164	3	1	9	12
5165	3	1	9	13
5166	3	1	9	14
5167	3	2	1	1
5168	3	2	1	2
5169	3	2	1	3
5170	3	2	1	4
5171	3	2	1	5
5172	3	2	1	6
5173	3	2	1	7
5174	3	2	1	8
5175	3	2	1	9
5176	3	2	1	10
5177	3	2	1	11
5178	3	2	1	12
5179	3	2	1	13
5180	3	2	1	14
5181	3	2	2	1
5182	3	2	2	2
5183	3	2	2	3
5184	3	2	2	4
5185	3	2	2	5
5186	3	2	2	6
5187	3	2	2	7
5188	3	2	2	8
5189	3	2	2	9
5190	3	2	2	10
5191	3	2	2	11
5192	3	2	2	12
5193	3	2	2	13
5194	3	2	2	14
5195	3	2	3	1
5196	3	2	3	2
5197	3	2	3	3
5198	3	2	3	4
5199	3	2	3	5
5200	3	2	3	6
5201	3	2	3	7
5202	3	2	3	8
5203	3	2	3	9
5204	3	2	3	10
5205	3	2	3	11
5206	3	2	3	12
5207	3	2	3	13
5208	3	2	3	14
5209	3	2	4	1
5210	3	2	4	2
5211	3	2	4	3
5212	3	2	4	4
5213	3	2	4	5
5214	3	2	4	6
5215	3	2	4	7
5216	3	2	4	8
5217	3	2	4	9
5218	3	2	4	10
5219	3	2	4	11
5220	3	2	4	12
5221	3	2	4	13
5222	3	2	4	14
5223	3	2	5	1
5224	3	2	5	2
5225	3	2	5	3
5226	3	2	5	4
5227	3	2	5	5
5228	3	2	5	6
5229	3	2	5	7
5230	3	2	5	8
5231	3	2	5	9
5232	3	2	5	10
5233	3	2	5	11
5234	3	2	5	12
5235	3	2	5	13
5236	3	2	5	14
5237	3	2	6	1
5238	3	2	6	2
5239	3	2	6	3
5240	3	2	6	4
5241	3	2	6	5
5242	3	2	6	6
5243	3	2	6	7
5244	3	2	6	8
5245	3	2	6	9
5246	3	2	6	10
5247	3	2	6	11
5248	3	2	6	12
5249	3	2	6	13
5250	3	2	6	14
5251	3	2	7	1
5252	3	2	7	2
5253	3	2	7	3
5254	3	2	7	4
5255	3	2	7	5
5256	3	2	7	6
5257	3	2	7	7
5258	3	2	7	8
5259	3	2	7	9
5260	3	2	7	10
5261	3	2	7	11
5262	3	2	7	12
5263	3	2	7	13
5264	3	2	7	14
5265	3	2	8	1
5266	3	2	8	2
5267	3	2	8	3
5268	3	2	8	4
5269	3	2	8	5
5270	3	2	8	6
5271	3	2	8	7
5272	3	2	8	8
5273	3	2	8	9
5274	3	2	8	10
5275	3	2	8	11
5276	3	2	8	12
5277	3	2	8	13
5278	3	2	8	14
5279	3	2	9	1
5280	3	2	9	2
5281	3	2	9	3
5282	3	2	9	4
5283	3	2	9	5
5284	3	2	9	6
5285	3	2	9	7
5286	3	2	9	8
5287	3	2	9	9
5288	3	2	9	10
5289	3	2	9	11
5290	3	2	9	12
5291	3	2	9	13
5292	3	2	9	14
5293	3	3	1	1
5294	3	3	1	2
5295	3	3	1	3
5296	3	3	1	4
5297	3	3	1	5
5298	3	3	1	6
5299	3	3	1	7
5300	3	3	1	8
5301	3	3	1	9
5302	3	3	1	10
5303	3	3	1	11
5304	3	3	1	12
5305	3	3	1	13
5306	3	3	1	14
5307	3	3	2	1
5308	3	3	2	2
5309	3	3	2	3
5310	3	3	2	4
5311	3	3	2	5
5312	3	3	2	6
5313	3	3	2	7
5314	3	3	2	8
5315	3	3	2	9
5316	3	3	2	10
5317	3	3	2	11
5318	3	3	2	12
5319	3	3	2	13
5320	3	3	2	14
5321	3	3	3	1
5322	3	3	3	2
5323	3	3	3	3
5324	3	3	3	4
5325	3	3	3	5
5326	3	3	3	6
5327	3	3	3	7
5328	3	3	3	8
5329	3	3	3	9
5330	3	3	3	10
5331	3	3	3	11
5332	3	3	3	12
5333	3	3	3	13
5334	3	3	3	14
5335	3	3	4	1
5336	3	3	4	2
5337	3	3	4	3
5338	3	3	4	4
5339	3	3	4	5
5340	3	3	4	6
5341	3	3	4	7
5342	3	3	4	8
5343	3	3	4	9
5344	3	3	4	10
5345	3	3	4	11
5346	3	3	4	12
5347	3	3	4	13
5348	3	3	4	14
5349	3	3	5	1
5350	3	3	5	2
5351	3	3	5	3
5352	3	3	5	4
5353	3	3	5	5
5354	3	3	5	6
5355	3	3	5	7
5356	3	3	5	8
5357	3	3	5	9
5358	3	3	5	10
5359	3	3	5	11
5360	3	3	5	12
5361	3	3	5	13
5362	3	3	5	14
5363	3	3	6	1
5364	3	3	6	2
5365	3	3	6	3
5366	3	3	6	4
5367	3	3	6	5
5368	3	3	6	6
5369	3	3	6	7
5370	3	3	6	8
5371	3	3	6	9
5372	3	3	6	10
5373	3	3	6	11
5374	3	3	6	12
5375	3	3	6	13
5376	3	3	6	14
5377	3	3	7	1
5378	3	3	7	2
5379	3	3	7	3
5380	3	3	7	4
5381	3	3	7	5
5382	3	3	7	6
5383	3	3	7	7
5384	3	3	7	8
5385	3	3	7	9
5386	3	3	7	10
5387	3	3	7	11
5388	3	3	7	12
5389	3	3	7	13
5390	3	3	7	14
5391	3	3	8	1
5392	3	3	8	2
5393	3	3	8	3
5394	3	3	8	4
5395	3	3	8	5
5396	3	3	8	6
5397	3	3	8	7
5398	3	3	8	8
5399	3	3	8	9
5400	3	3	8	10
5401	3	3	8	11
5402	3	3	8	12
5403	3	3	8	13
5404	3	3	8	14
5405	3	3	9	1
5406	3	3	9	2
5407	3	3	9	3
5408	3	3	9	4
5409	3	3	9	5
5410	3	3	9	6
5411	3	3	9	7
5412	3	3	9	8
5413	3	3	9	9
5414	3	3	9	10
5415	3	3	9	11
5416	3	3	9	12
5417	3	3	9	13
5418	3	3	9	14
5419	3	4	1	1
5420	3	4	1	2
5421	3	4	1	3
5422	3	4	1	4
5423	3	4	1	5
5424	3	4	1	6
5425	3	4	1	7
5426	3	4	1	8
5427	3	4	1	9
5428	3	4	1	10
5429	3	4	1	11
5430	3	4	1	12
5431	3	4	1	13
5432	3	4	1	14
5433	3	4	2	1
5434	3	4	2	2
5435	3	4	2	3
5436	3	4	2	4
5437	3	4	2	5
5438	3	4	2	6
5439	3	4	2	7
5440	3	4	2	8
5441	3	4	2	9
5442	3	4	2	10
5443	3	4	2	11
5444	3	4	2	12
5445	3	4	2	13
5446	3	4	2	14
5447	3	4	3	1
5448	3	4	3	2
5449	3	4	3	3
5450	3	4	3	4
5451	3	4	3	5
5452	3	4	3	6
5453	3	4	3	7
5454	3	4	3	8
5455	3	4	3	9
5456	3	4	3	10
5457	3	4	3	11
5458	3	4	3	12
5459	3	4	3	13
5460	3	4	3	14
5461	3	4	4	1
5462	3	4	4	2
5463	3	4	4	3
5464	3	4	4	4
5465	3	4	4	5
5466	3	4	4	6
5467	3	4	4	7
5468	3	4	4	8
5469	3	4	4	9
5470	3	4	4	10
5471	3	4	4	11
5472	3	4	4	12
5473	3	4	4	13
5474	3	4	4	14
5475	3	4	5	1
5476	3	4	5	2
5477	3	4	5	3
5478	3	4	5	4
5479	3	4	5	5
5480	3	4	5	6
5481	3	4	5	7
5482	3	4	5	8
5483	3	4	5	9
5484	3	4	5	10
5485	3	4	5	11
5486	3	4	5	12
5487	3	4	5	13
5488	3	4	5	14
5489	3	4	6	1
5490	3	4	6	2
5491	3	4	6	3
5492	3	4	6	4
5493	3	4	6	5
5494	3	4	6	6
5495	3	4	6	7
5496	3	4	6	8
5497	3	4	6	9
5498	3	4	6	10
5499	3	4	6	11
5500	3	4	6	12
5501	3	4	6	13
5502	3	4	6	14
5503	3	4	7	1
5504	3	4	7	2
5505	3	4	7	3
5506	3	4	7	4
5507	3	4	7	5
5508	3	4	7	6
5509	3	4	7	7
5510	3	4	7	8
5511	3	4	7	9
5512	3	4	7	10
5513	3	4	7	11
5514	3	4	7	12
5515	3	4	7	13
5516	3	4	7	14
5517	3	4	8	1
5518	3	4	8	2
5519	3	4	8	3
5520	3	4	8	4
5521	3	4	8	5
5522	3	4	8	6
5523	3	4	8	7
5524	3	4	8	8
5525	3	4	8	9
5526	3	4	8	10
5527	3	4	8	11
5528	3	4	8	12
5529	3	4	8	13
5530	3	4	8	14
5531	3	4	9	1
5532	3	4	9	2
5533	3	4	9	3
5534	3	4	9	4
5535	3	4	9	5
5536	3	4	9	6
5537	3	4	9	7
5538	3	4	9	8
5539	3	4	9	9
5540	3	4	9	10
5541	3	4	9	11
5542	3	4	9	12
5543	3	4	9	13
5544	3	4	9	14
5545	4	1	1	1
5546	4	1	1	2
5547	4	1	1	3
5548	4	1	1	4
5549	4	1	1	5
5550	4	1	1	6
5551	4	1	1	7
5552	4	1	1	8
5553	4	1	1	9
5554	4	1	1	10
5555	4	1	1	11
5556	4	1	1	12
5557	4	1	1	13
5558	4	1	1	14
5559	4	1	2	1
5560	4	1	2	2
5561	4	1	2	3
5562	4	1	2	4
5563	4	1	2	5
5564	4	1	2	6
5565	4	1	2	7
5566	4	1	2	8
5567	4	1	2	9
5568	4	1	2	10
5569	4	1	2	11
5570	4	1	2	12
5571	4	1	2	13
5572	4	1	2	14
5573	4	1	3	1
5574	4	1	3	2
5575	4	1	3	3
5576	4	1	3	4
5577	4	1	3	5
5578	4	1	3	6
5579	4	1	3	7
5580	4	1	3	8
5581	4	1	3	9
5582	4	1	3	10
5583	4	1	3	11
5584	4	1	3	12
5585	4	1	3	13
5586	4	1	3	14
5587	4	1	4	1
5588	4	1	4	2
5589	4	1	4	3
5590	4	1	4	4
5591	4	1	4	5
5592	4	1	4	6
5593	4	1	4	7
5594	4	1	4	8
5595	4	1	4	9
5596	4	1	4	10
5597	4	1	4	11
5598	4	1	4	12
5599	4	1	4	13
5600	4	1	4	14
5601	4	1	5	1
5602	4	1	5	2
5603	4	1	5	3
5604	4	1	5	4
5605	4	1	5	5
5606	4	1	5	6
5607	4	1	5	7
5608	4	1	5	8
5609	4	1	5	9
5610	4	1	5	10
5611	4	1	5	11
5612	4	1	5	12
5613	4	1	5	13
5614	4	1	5	14
5615	4	1	6	1
5616	4	1	6	2
5617	4	1	6	3
5618	4	1	6	4
5619	4	1	6	5
5620	4	1	6	6
5621	4	1	6	7
5622	4	1	6	8
5623	4	1	6	9
5624	4	1	6	10
5625	4	1	6	11
5626	4	1	6	12
5627	4	1	6	13
5628	4	1	6	14
5629	4	1	7	1
5630	4	1	7	2
5631	4	1	7	3
5632	4	1	7	4
5633	4	1	7	5
5634	4	1	7	6
5635	4	1	7	7
5636	4	1	7	8
5637	4	1	7	9
5638	4	1	7	10
5639	4	1	7	11
5640	4	1	7	12
5641	4	1	7	13
5642	4	1	7	14
5643	4	1	8	1
5644	4	1	8	2
5645	4	1	8	3
5646	4	1	8	4
5647	4	1	8	5
5648	4	1	8	6
5649	4	1	8	7
5650	4	1	8	8
5651	4	1	8	9
5652	4	1	8	10
5653	4	1	8	11
5654	4	1	8	12
5655	4	1	8	13
5656	4	1	8	14
5657	4	1	9	1
5658	4	1	9	2
5659	4	1	9	3
5660	4	1	9	4
5661	4	1	9	5
5662	4	1	9	6
5663	4	1	9	7
5664	4	1	9	8
5665	4	1	9	9
5666	4	1	9	10
5667	4	1	9	11
5668	4	1	9	12
5669	4	1	9	13
5670	4	1	9	14
5671	4	2	1	1
5672	4	2	1	2
5673	4	2	1	3
5674	4	2	1	4
5675	4	2	1	5
5676	4	2	1	6
5677	4	2	1	7
5678	4	2	1	8
5679	4	2	1	9
5680	4	2	1	10
5681	4	2	1	11
5682	4	2	1	12
5683	4	2	1	13
5684	4	2	1	14
5685	4	2	2	1
5686	4	2	2	2
5687	4	2	2	3
5688	4	2	2	4
5689	4	2	2	5
5690	4	2	2	6
5691	4	2	2	7
5692	4	2	2	8
5693	4	2	2	9
5694	4	2	2	10
5695	4	2	2	11
5696	4	2	2	12
5697	4	2	2	13
5698	4	2	2	14
5699	4	2	3	1
5700	4	2	3	2
5701	4	2	3	3
5702	4	2	3	4
5703	4	2	3	5
5704	4	2	3	6
5705	4	2	3	7
5706	4	2	3	8
5707	4	2	3	9
5708	4	2	3	10
5709	4	2	3	11
5710	4	2	3	12
5711	4	2	3	13
5712	4	2	3	14
5713	4	2	4	1
5714	4	2	4	2
5715	4	2	4	3
5716	4	2	4	4
5717	4	2	4	5
5718	4	2	4	6
5719	4	2	4	7
5720	4	2	4	8
5721	4	2	4	9
5722	4	2	4	10
5723	4	2	4	11
5724	4	2	4	12
5725	4	2	4	13
5726	4	2	4	14
5727	4	2	5	1
5728	4	2	5	2
5729	4	2	5	3
5730	4	2	5	4
5731	4	2	5	5
5732	4	2	5	6
5733	4	2	5	7
5734	4	2	5	8
5735	4	2	5	9
5736	4	2	5	10
5737	4	2	5	11
5738	4	2	5	12
5739	4	2	5	13
5740	4	2	5	14
5741	4	2	6	1
5742	4	2	6	2
5743	4	2	6	3
5744	4	2	6	4
5745	4	2	6	5
5746	4	2	6	6
5747	4	2	6	7
5748	4	2	6	8
5749	4	2	6	9
5750	4	2	6	10
5751	4	2	6	11
5752	4	2	6	12
5753	4	2	6	13
5754	4	2	6	14
5755	4	2	7	1
5756	4	2	7	2
5757	4	2	7	3
5758	4	2	7	4
5759	4	2	7	5
5760	4	2	7	6
5761	4	2	7	7
5762	4	2	7	8
5763	4	2	7	9
5764	4	2	7	10
5765	4	2	7	11
5766	4	2	7	12
5767	4	2	7	13
5768	4	2	7	14
5769	4	2	8	1
5770	4	2	8	2
5771	4	2	8	3
5772	4	2	8	4
5773	4	2	8	5
5774	4	2	8	6
5775	4	2	8	7
5776	4	2	8	8
5777	4	2	8	9
5778	4	2	8	10
5779	4	2	8	11
5780	4	2	8	12
5781	4	2	8	13
5782	4	2	8	14
5783	4	2	9	1
5784	4	2	9	2
5785	4	2	9	3
5786	4	2	9	4
5787	4	2	9	5
5788	4	2	9	6
5789	4	2	9	7
5790	4	2	9	8
5791	4	2	9	9
5792	4	2	9	10
5793	4	2	9	11
5794	4	2	9	12
5795	4	2	9	13
5796	4	2	9	14
5797	4	3	1	1
5798	4	3	1	2
5799	4	3	1	3
5800	4	3	1	4
5801	4	3	1	5
5802	4	3	1	6
5803	4	3	1	7
5804	4	3	1	8
5805	4	3	1	9
5806	4	3	1	10
5807	4	3	1	11
5808	4	3	1	12
5809	4	3	1	13
5810	4	3	1	14
5811	4	3	2	1
5812	4	3	2	2
5813	4	3	2	3
5814	4	3	2	4
5815	4	3	2	5
5816	4	3	2	6
5817	4	3	2	7
5818	4	3	2	8
5819	4	3	2	9
5820	4	3	2	10
5821	4	3	2	11
5822	4	3	2	12
5823	4	3	2	13
5824	4	3	2	14
5825	4	3	3	1
5826	4	3	3	2
5827	4	3	3	3
5828	4	3	3	4
5829	4	3	3	5
5830	4	3	3	6
5831	4	3	3	7
5832	4	3	3	8
5833	4	3	3	9
5834	4	3	3	10
5835	4	3	3	11
5836	4	3	3	12
5837	4	3	3	13
5838	4	3	3	14
5839	4	3	4	1
5840	4	3	4	2
5841	4	3	4	3
5842	4	3	4	4
5843	4	3	4	5
5844	4	3	4	6
5845	4	3	4	7
5846	4	3	4	8
5847	4	3	4	9
5848	4	3	4	10
5849	4	3	4	11
5850	4	3	4	12
5851	4	3	4	13
5852	4	3	4	14
5853	4	3	5	1
5854	4	3	5	2
5855	4	3	5	3
5856	4	3	5	4
5857	4	3	5	5
5858	4	3	5	6
5859	4	3	5	7
5860	4	3	5	8
5861	4	3	5	9
5862	4	3	5	10
5863	4	3	5	11
5864	4	3	5	12
5865	4	3	5	13
5866	4	3	5	14
5867	4	3	6	1
5868	4	3	6	2
5869	4	3	6	3
5870	4	3	6	4
5871	4	3	6	5
5872	4	3	6	6
5873	4	3	6	7
5874	4	3	6	8
5875	4	3	6	9
5876	4	3	6	10
5877	4	3	6	11
5878	4	3	6	12
5879	4	3	6	13
5880	4	3	6	14
5881	4	3	7	1
5882	4	3	7	2
5883	4	3	7	3
5884	4	3	7	4
5885	4	3	7	5
5886	4	3	7	6
5887	4	3	7	7
5888	4	3	7	8
5889	4	3	7	9
5890	4	3	7	10
5891	4	3	7	11
5892	4	3	7	12
5893	4	3	7	13
5894	4	3	7	14
5895	4	3	8	1
5896	4	3	8	2
5897	4	3	8	3
5898	4	3	8	4
5899	4	3	8	5
5900	4	3	8	6
5901	4	3	8	7
5902	4	3	8	8
5903	4	3	8	9
5904	4	3	8	10
5905	4	3	8	11
5906	4	3	8	12
5907	4	3	8	13
5908	4	3	8	14
5909	4	3	9	1
5910	4	3	9	2
5911	4	3	9	3
5912	4	3	9	4
5913	4	3	9	5
5914	4	3	9	6
5915	4	3	9	7
5916	4	3	9	8
5917	4	3	9	9
5918	4	3	9	10
5919	4	3	9	11
5920	4	3	9	12
5921	4	3	9	13
5922	4	3	9	14
5923	4	4	1	1
5924	4	4	1	2
5925	4	4	1	3
5926	4	4	1	4
5927	4	4	1	5
5928	4	4	1	6
5929	4	4	1	7
5930	4	4	1	8
5931	4	4	1	9
5932	4	4	1	10
5933	4	4	1	11
5934	4	4	1	12
5935	4	4	1	13
5936	4	4	1	14
5937	4	4	2	1
5938	4	4	2	2
5939	4	4	2	3
5940	4	4	2	4
5941	4	4	2	5
5942	4	4	2	6
5943	4	4	2	7
5944	4	4	2	8
5945	4	4	2	9
5946	4	4	2	10
5947	4	4	2	11
5948	4	4	2	12
5949	4	4	2	13
5950	4	4	2	14
5951	4	4	3	1
5952	4	4	3	2
5953	4	4	3	3
5954	4	4	3	4
5955	4	4	3	5
5956	4	4	3	6
5957	4	4	3	7
5958	4	4	3	8
5959	4	4	3	9
5960	4	4	3	10
5961	4	4	3	11
5962	4	4	3	12
5963	4	4	3	13
5964	4	4	3	14
5965	4	4	4	1
5966	4	4	4	2
5967	4	4	4	3
5968	4	4	4	4
5969	4	4	4	5
5970	4	4	4	6
5971	4	4	4	7
5972	4	4	4	8
5973	4	4	4	9
5974	4	4	4	10
5975	4	4	4	11
5976	4	4	4	12
5977	4	4	4	13
5978	4	4	4	14
5979	4	4	5	1
5980	4	4	5	2
5981	4	4	5	3
5982	4	4	5	4
5983	4	4	5	5
5984	4	4	5	6
5985	4	4	5	7
5986	4	4	5	8
5987	4	4	5	9
5988	4	4	5	10
5989	4	4	5	11
5990	4	4	5	12
5991	4	4	5	13
5992	4	4	5	14
5993	4	4	6	1
5994	4	4	6	2
5995	4	4	6	3
5996	4	4	6	4
5997	4	4	6	5
5998	4	4	6	6
5999	4	4	6	7
6000	4	4	6	8
6001	4	4	6	9
6002	4	4	6	10
6003	4	4	6	11
6004	4	4	6	12
6005	4	4	6	13
6006	4	4	6	14
6007	4	4	7	1
6008	4	4	7	2
6009	4	4	7	3
6010	4	4	7	4
6011	4	4	7	5
6012	4	4	7	6
6013	4	4	7	7
6014	4	4	7	8
6015	4	4	7	9
6016	4	4	7	10
6017	4	4	7	11
6018	4	4	7	12
6019	4	4	7	13
6020	4	4	7	14
6021	4	4	8	1
6022	4	4	8	2
6023	4	4	8	3
6024	4	4	8	4
6025	4	4	8	5
6026	4	4	8	6
6027	4	4	8	7
6028	4	4	8	8
6029	4	4	8	9
6030	4	4	8	10
6031	4	4	8	11
6032	4	4	8	12
6033	4	4	8	13
6034	4	4	8	14
6035	4	4	9	1
6036	4	4	9	2
6037	4	4	9	3
6038	4	4	9	4
6039	4	4	9	5
6040	4	4	9	6
6041	4	4	9	7
6042	4	4	9	8
6043	4	4	9	9
6044	4	4	9	10
6045	4	4	9	11
6046	4	4	9	12
6047	4	4	9	13
6048	4	4	9	14

